D.BASIS6                                                          CERIUM
*58,172
1,1,1,1
1,R69,0,0
C44
21
11766909.0,1762168.9,400975.26,113550.69,37033.797,13363.968,5208.2132,
2156.5072,937.20124,422.13774,190.60144,90.878148,43.433927,17.751861,
9.2197539,3.6822689,1.8522940,0.54734070,0.25993832,0.04925352,
0.02090129
15
34872.315,8261.0559,2681.3117,1023.3026,432.69535,195.97940,93.126797,
45.480879,21.882566,10.879690,5.0095030,2.3914390,1.0426889,0.46397482,
0.18574689
10
881.99828,265.52258,101.38575,43.190283,19.294657,8.7878345,3.8756711,
1.6320500,0.52058761,0.15540485
8
130.42404,44.443200,18.109856,8.0067314,3.6278140,1.6187214,0.68331065,
0.25664095
*58,169
11,8,5,2
3,R69,R69,1
C2,C36,C43
7,1,2,1,1,1,1,1,1,1,1
9505788.0,1377575.1,301945.09,83071.152,26597.260,9478.3826,3655.0338,
1498.9708,647.50942,290.69485,110.09091,50.456808,20.023192,10.263069,
3.9046964,1.9636520,0.53418314,0.26374748
7,1,2,1,1,1,1,1
41596.070,9707.3155,3107.0873,1173.6180,492.46304,222.10939,105.33803,
51.467941,24.715011,12.307557,5.8557539,2.8741107,1.3819837,0.56899755,
0.24144037
6,1,1,1,1
1642.5377,496.50539,193.00581,84.448610,39.492610,19.076890,9.3673311,
4.4989502,2.0960198,0.89649335
7,1
136.17428,45.930535,18.734208,8.3464913,3.8244947,1.7422086,0.76591994,
0.30800534
0.00002449,0.00020083,0.00110732,0.00479741,0.01743573,0.05478258,
0.14501859,1.0,0.22311849,0.15363226,1.0,1.0,1.0,1.0,1.0,1.0,1.0,1.0
0.00018065,0.00164385,0.00947358,0.04021598,0.12813468,0.28873852,
0.39923271,1.0,0.42529047,0.55181534,1.0,1.0,1.0,1.0,1.0
0.00109644,0.01001771,0.05093986,0.16512838,0.33830697,0.40658562,
1.0,1.0,1.0,1.0
0.00323625,0.02457787,0.09076281,0.21857863,0.34053668,0.36325964,
0.25966136,1.0
                                                              PRASEODYMI
*59,172
1,1,1,1
1,R69,0,0
C43
21
12133426.0,1816504.1,413339.08,117062.45,38181.679,13778.674,5370.0122,
2223.5876,966.36950,435.20928,196.16538,93.837828,44.929566,18.395559,
9.5509147,3.8062504,1.8855500,0.53443997,0.24937153,0.04480951,
0.01931029
15
35594.415,8432.6080,2736.9986,1044.5439,441.64386,199.99913,95.021686,
46.386589,22.370173,11.131648,5.1083490,2.4141910,1.0276336,0.44908094,
0.17808694
10
1692.8710,510.95762,198.40396,86.741830,40.529988,19.570814,9.5911215,
4.5904360,2.1201317,0.89085800
8
133.05560,45.343962,18.456202,8.1476562,3.6738120,1.6261043,0.67879519,
0.25184611
*59,169
11,8,5,2
3,R69,R69,1
C2,C36,C43
7,1,2,1,1,1,1,1,1,1,1
8125406.6,1202199.8,269412.78,75304.131,24319.052,8712.1879,3377.7430,
1395.1482,608.33764,277.33228,109.83312,50.460292,19.628098,10.244556,
3.9149051,1.9759252,0.55164725,0.26697484
7,1,2,1,1,1,1,1
40097.463,9445.5208,3062.9542,1171.8648,497.18234,226.01324,107.76192,
52.891747,25.458038,12.726741,6.0812494,2.9785097,1.4256866,0.58752926,
0.24866408
6,1,1,1,1
1728.0020,521.58215,202.59922,88.633470,41.465516,20.051989,9.8583160,
4.7371710,2.2058574,0.94203526
7,1
152.01833,51.978947,21.424001,9.5613191,4.4057820,2.0102329,0.87935401,
0.35447976
0.00003088,0.00024509,0.00131335,0.00559759,0.02015406,0.06250214,
0.16139643,1.0,0.22916958,0.12353890,1.0,1.0,1.0,1.0,1.0,1.0,1.0,1.0
0.00020412,0.00181453,0.01016537,0.04205050,0.13117151,0.29132709,
0.39723392,1.0,0.43321224,0.54584132,1.0,1.0,1.0,1.0,1.0
0.00107256,0.00985519,0.05038770,0.16420565,0.33798054,0.40709846,
1.0,1.0,1.0,1.0
0.00285968,0.02185300,0.08327145,0.20829548,0.33470227,0.37029330,
0.26847596,1.0
                                                               NEODYMIUM
*60,172
1,1,1,1
1,R69,0,0
C43
21
15588514.0,2313448.7,514972.51,141531.60,44906.327,15856.161,6079.0222,
2486.3058,1070.6921,479.84507,218.95050,101.48258,48.080213,19.522354,
10.154301,4.0170813,1.9885439,0.55481398,0.25857463,0.04573969,
0.01968840
15
37016.970,8764.9847,2843.6322,1084.9204,458.64865,207.70556,98.703232,
48.210585,23.281579,11.600439,5.3303492,2.5165769,1.0669644,0.46502520,
0.18392663
10
1765.4085,532.91219,206.97804,90.536624,42.335671,20.468127,10.042755,
4.8130297,2.2239898,0.93399344
8
142.21848,48.531008,19.819102,8.7747792,3.9699230,1.7621290,0.73737656,
0.27406795
*60,169
11,8,5,2
3,R69,R69,1
C2,C36,C43
7,1,2,1,1,1,1,1,1,1,1
8221130.4,1219379.8,275947.59,77867.221,25325.981,9119.7344,3549.8782,
1470.7347,642.55089,292.87305,114.97240,52.848272,20.659760,10.772045,
4.0830397,2.0614910,0.56749470,0.27325492
7,1,2,1,1,1,1,1
41650.613,9862.0894,3200.4552,1221.7788,516.98301,234.61222,111.79896,
54.890563,26.455550,13.243126,6.3290078,3.0972668,1.4791556,0.60793395,
0.25613648
6,1,1,1,1
1801.1914,543.75051,211.25936,92.466302,43.290233,20.958803,10.315007,
4.9622604,2.3108266,0.98602295
7,1
162.29539,55.547184,22.957842,10.272161,4.7480069,2.1726069,0.95301003,
0.38411319
0.00003176,0.00025002,0.00131930,0.00556037,0.01987601,0.06137034,
0.15825885,1.0,0.22753933,0.13089892,1.0,1.0,1.0,1.0,1.0,1.0,1.0,1.0
0.00020227,0.00178466,0.01002732,0.04176361,0.13097443,0.29157928,
0.39758941,1.0,0.43598224,0.54496815,1.0,1.0,1.0,1.0,1.0
0.00106728,0.00981784,0.05030110,0.16427413,0.33862420,0.40723509,
1.0,1.0,1.0,1.0
0.00280817,0.02166709,0.08321908,0.20879589,0.33547430,0.36968167,
0.26654863,1.0
                                                              PROMETHIUM
*61,172
1,1,1,1
1,R69,0,0
C43
21
13870150.0,2062700.4,466859.41,131644.09,42776.617,15382.971,5976.3439,
2467.6348,1069.8424,481.41691,219.03464,103.09186,49.150170,20.046833,
10.444917,4.1648002,2.0545651,0.57550526,0.26597464,0.04662779,
0.01997052
15
38152.981,9038.1357,2933.5518,1119.6226,473.44268,214.45989,101.94545,
49.816727,24.102693,12.027027,5.5321736,2.6081270,1.0981565,0.47846901,
0.18897727
10
1839.4391,555.30898,215.71033,94.405046,44.178752,21.382821,10.502027,
5.0388774,2.3290433,0.97754215
8
150.52773,51.416644,21.048545,9.3399148,4.2343189,1.8815767,0.78755312,
0.29242117
*61,169
11,8,5,2
3,R69,R69,1
C2,C36,C43
7,1,2,1,1,1,1,1,1,1,1
7855739.6,1177406.4,268124.63,75968.664,24785.290,8947.6760,3490.0340,
1448.6023,634.25045,290.40318,116.96471,53.935493,21.107448,11.052001,
4.2536363,2.1316816,0.59164522,0.28286827
7,1,2,1,1,1,1,1
42484.868,10068.096,3271.0243,1250.0047,529.37445,240.39328,114.62699,
56.321107,27.184241,13.623384,6.4931451,3.1695057,1.5034616,0.62265602,
0.26190925
6,1,1,1,1
1875.8005,566.32665,220.07273,96.367693,45.147427,21.882440,10.779939,
5.1911478,2.4173631,1.0305659
7,1
170.55333,58.442986,24.197047,10.845698,5.0187275,2.2967906,1.0065193,
0.40445990
0.00003488,0.00027090,0.00142012,0.00595547,0.02118627,0.06500402,
0.16597680,1.0,0.23058319,0.11584834,1.0,1.0,1.0,1.0,1.0,1.0,1.0,1.0
0.00020736,0.00182553,0.01022946,0.04249247,0.13282330,0.29425856,
0.39767257,1.0,0.44565976,0.53973157,1.0,1.0,1.0,1.0,1.0
0.00106227,0.00978405,0.05022605,0.16436586,0.33926932,0.40733040,
1.0,1.0,1.0,1.0
0.00283598,0.02196147,0.08460590,0.21157388,0.33750479,0.36832158,
0.26323655,1.0
                                                                SAMARIUM
*62,172
1,1,1,1
1,R69,0,0
C43
21
13525304.0,2025490.1,460933.90,130546.48,42582.269,15367.406,5989.4551,
2480.2915,1078.1549,485.90310,219.85840,105.00744,50.363199,20.722228,
10.799401,4.3351056,2.1305218,0.59534889,0.27351997,0.04753143,
0.02028992
15
39382.866,9329.7733,3028.1415,1155.7754,488.79673,221.45819,105.30297,
51.480342,24.950907,12.466240,5.7398410,2.7019932,1.1307310,0.49205205,
0.19399380
10
1913.7275,577.82171,224.52217,98.304840,46.034657,22.306726,10.966155,
5.2665549,2.4345701,1.0211866
8
159.23382,54.448598,22.343054,9.9354575,4.5137532,2.0085606,0.84146232,
0.31242944
*62,169
11,8,5,2
3,R69,R69,1
C2,C36,C43
7,1,2,1,1,1,1,1,1,1,1
7772170.2,1165030.0,265348.79,75229.871,24571.700,8884.0868,3471.7790,
1443.9450,633.27329,290.50030,119.55332,55.307577,21.735796,11.396758,
4.4179611,2.2039930,0.61169737,0.29050551
7,1,2,1,1,1,1,1
43747.015,10383.317,3373.7949,1288.9755,545.77183,247.82042,118.18521,
58.089860,28.067007,14.077618,6.7000404,3.2641757,1.5407076,0.63978735,
0.26837310
6,1,1,1,1
1950.8706,589.06552,228.95889,100.30220,47.021569,22.814817,11.249003,
5.4219001,2.5246182,1.0753132
7,1
178.87419,61.332328,25.426105,11.412338,5.2840954,2.4167255,1.0569603,
0.42292465
0.00003682,0.00028590,0.00149801,0.00627126,0.02224597,0.06790194,
0.17186604,1.0,0.23258195,0.10444090,1.0,1.0,1.0,1.0,1.0,1.0,1.0,1.0
0.00020871,0.00183378,0.01028132,0.04272781,0.13354749,0.29549175,
0.39788307,1.0,0.45177657,0.53661330,1.0,1.0,1.0,1.0,1.0
0.00105868,0.00976052,0.05019266,0.16455074,0.33999374,0.40737806,
1.0,1.0,1.0,1.0
0.00286239,0.02225692,0.08598535,0.21422581,0.33920690,0.36687407,
0.26059314,1.0
                                                                EUROPIUM
*63,172
1,1,1,1
1,R69,0,0
C43
21
17423755.0,2534248.0,564885.59,157451.00,50692.860,18080.589,6967.7157,
2855.3582,1230.4342,552.50230,255.21767,115.26175,54.404914,21.953475,
11.480650,4.5471872,2.2352590,0.61333427,0.28158157,0.04849151,
0.02068146
15
40746.213,9650.5480,3131.7956,1195.2111,505.43670,228.99470,108.89686,
53.253708,25.847064,12.926822,5.9559345,2.7992141,1.1652409,0.50597629,
0.19901829
10
1990.4673,601.01430,233.56763,102.30405,47.936136,23.250714,11.439239,
5.4978772,2.5412990,1.0652491
8
168.30913,57.606149,23.692837,10.557549,4.8068040,2.1426729,0.89911763,
0.33422231
*63,169
11,8,5,2
3,R69,R69,1
C2,C36,C43
7,1,2,1,1,1,1,1,1,1,1
7331684.6,1114298.3,256223.89,73271.281,24142.462,8820.7499,3487.9268,
1465.1389,647.18566,298.55874,123.10029,57.024535,22.199572,11.696707,
4.5229296,2.2556381,0.63233382,0.29762918
7,1,2,1,1,1,1,1
45245.367,10724.638,3483.2055,1330.6175,563.38984,255.83379,122.02964,
60.004889,29.023320,14.570416,6.9292812,3.3700101,1.5841663,0.65780441,
0.27499552
6,1,1,1,1
2027.0637,612.12917,237.97407,104.29623,48.924891,23.762016,11.725090,
5.6554877,2.6328807,1.1204504
7,1
187.45106,64.320367,26.700765,12.001284,5.5610917,2.5428702,1.1107292,
0.44298548
0.00004098,0.00031249,0.00161810,0.00669301,0.02341777,0.07016227,
0.17429615,1.0,0.23204458,0.10101401,1.0,1.0,1.0,1.0,1.0,1.0,1.0,1.0
0.00020872,0.00183759,0.01030712,0.04284634,0.13392673,0.29619699,
0.39804251,1.0,0.45625464,0.53434519,1.0,1.0,1.0,1.0,1.0
0.00105560,0.00974156,0.05017463,0.16476235,0.34072625,0.40739524,
1.0,1.0,1.0,1.0
0.00288316,0.02250319,0.08717736,0.21652226,0.34068073,0.36560626,
0.25814981,1.0
                                                              GADOLINIUM
*64,172
1,1,1,1
1,R69,0,0
C43
21
14577321.0,2182499.0,496586.54,140638.46,45872.783,16555.468,6452.9440,
2672.5637,1162.0488,524.15585,238.25618,113.36671,54.388653,22.450251,
11.739627,4.7483348,2.3442677,0.67052620,0.31021601,0.05563270,
0.02314239
15
42581.026,10087.008,3273.8566,1249.6513,528.61519,239.62662,114.04593,
55.856373,27.135717,13.594878,6.2919226,2.9757211,1.2553155,0.55320791,
0.21886975
10
1096.5481,330.35568,126.39845,54.011206,24.265532,11.047046,4.9007934,
2.0506842,0.61431569,0.17320739
8
188.31614,64.608590,26.765328,12.009579,5.5331082,2.5073322,1.0774495,
0.41198243
*64,169
11,8,5,2
3,R69,R69,1
C2,C36,C44
7,1,2,1,1,1,1,1,1,1,1
8141798.8,1223499.9,278989.85,79166.451,25939.811,9434.2938,3708.9319,
1549.8301,682.18759,313.85181,128.57961,59.576910,23.506131,12.345324,
4.7903640,2.3756316,0.65146319,0.30683004
7,1,2,1,1,1,1,1
41258.649,10073.309,3335.5242,1290.4811,551.33311,251.98232,120.80482,
59.633853,29.048202,14.641143,6.9551464,3.3698640,1.5641556,0.66259680,
0.27804707
6,1,1,1,1
2104.4360,635.55865,247.13214,108.35377,50.859075,24.724824,12.208518,
5.8919190,2.7420230,1.1658031
7,1
196.36174,67.435534,28.035563,12.619879,5.8536196,2.6772670,1.1688034,
0.46507337
0.00003758,0.00029089,0.00152280,0.00636199,0.02240066,0.06774251,
0.17047912,1.0,0.23176011,0.10869408,1.0,1.0,1.0,1.0,1.0,1.0,1.0,1.0
0.00025482,0.00212295,0.01152465,0.04670641,0.14246842,0.30623695,
0.39556119,1.0,0.47865984,0.51537118,1.0,1.0,1.0,1.0,1.0
0.00105289,0.00972528,0.05016669,0.16499149,0.34145630,0.40738776,
1.0,1.0,1.0,1.0
0.00289638,0.02268547,0.08812761,0.21838618,0.34189566,0.36456164,
0.25598079,1.0
                                                                 TERBIUM
*65,172
1,1,1,1
1,R69,0,0
C43
21
14967280.0,2241826.2,510262.39,144539.39,47153.150,17019.343,6634.1190,
2747.7090,1194.7280,538.80711,244.54030,116.69569,56.071712,23.176166,
12.108830,4.8856253,2.3846355,0.65776934,0.29802071,0.05024272,
0.02125145
15
43305.643,10259.049,3329.8158,1271.0444,537.64893,243.68660,115.95130,
56.753280,27.636706,13.851995,6.3945064,2.9991243,1.2359934,0.53546943,
0.20995854
10
2146.0565,648.14450,251.98773,110.46404,51.825339,25.185560,12.410165,
5.9735406,2.7620172,1.15600301
8
181.69519,62.261811,25.651162,11.447060,5.2039474,2.3073626,0.95885318,
0.35102943
*65,169
11,8,5,2
3,R69,R69,1
C2,C36,C43
7,1,2,1,1,1,1,1,1,1,1
7625155.6,1164641.3,276769.87,81144.381,27022.933,9874.9001,3880.9617,
1618.4738,710.69169,326.28770,132.90632,61.570824,24.203577,12.745473,
4.9573171,2.4528447,0.67140033,0.31425778
7,1,2,1,1,1,1,1
48158.668,11406.940,3702.8504,1414.1076,598.65080,271.84474,129.70245,
63.825485,30.936141,15.553755,7.3827670,3.5767952,1.6658922,0.69330423,
0.28817694
6,1,1,1,1
2184.3258,659.72210,256.55913,112.52393,52.844279,25.711382,12.703914,
6.1351847,2.8551226,1.2126665
7,1
203.18702,69.806315,29.030261,13.074508,6.0572541,2.7613583,1.1988459,
0.47334226
0.00004236,0.00031487,0.00155092,0.00628192,0.02194161,0.06653988,
0.16841604,1.0,0.23224936,0.11130158,1.0,1.0,1.0,1.0,1.0,1.0,1.0,1.0
0.00020965,0.00184839,0.01037730,0.04316238,0.13491183,0.29795483,
0.39838647,1.0,0.46581133,0.52910505,1.0,1.0,1.0,1.0,1.0
0.00104913,0.00970087,0.05012753,0.16514682,0.34212177,0.40742809,
1.0,1.0,1.0,1.0
0.00297596,0.02331573,0.09049097,0.22227286,0.34345317,0.36207941,
0.25381800,1.0
                                                              DYSPROSIUM
*66,172
1,1,1,1
1,R69,0,0
C43
21
11327153.0,1719795.1,399857.16,116101.64,38719.373,14252.474,5661.8714,
2389.9905,1058.6523,484.11848,212.98970,107.57604,53.449913,23.134786,
12.044012,4.9930869,2.4237189,0.68010690,0.30491151,0.05125144,
0.02160622
15
44609.563,10568.465,3430.5286,1309.5710,553.99002,251.12101,119.50954,
58.510950,28.536119,14.315875,6.6129956,3.0976817,1.2696292,0.54935902,
0.21505761
10
2225.6103,672.22777,261.38978,114.62652,53.808449,26.171961,12.904310,
6.2148168,2.8734335,1.2017137
8
189.22091,64.877802,26.758469,11.952934,5.4340978,2.4064031,0.99738633,
0.36350485
*66,169
11,8,5,2
3,R69,R69,1
C2,C36,C43
7,1,2,1,1,1,1,1,1,1,1
8290492.3,1251678.1,289786.19,83821.052,27856.506,10195.013,4016.9911,
1681.3068,741.57110,341.78976,138.31554,64.131822,25.302510,13.324892,
5.1786918,2.5561516,0.69269899,0.32342198
7,1,2,1,1,1,1,1
44636.606,10762.777,3544.9872,1368.1458,583.65679,266.55407,127.79617,
63.135180,30.878929,15.605983,7.4279572,3.5884428,1.6526946,0.69949464,
0.29174743
6,1,1,1,1
2264.1270,683.89718,266.00515,116.70997,54.840231,26.705325,13.202998,
6.3793749,2.9681685,1.2594456
7,1
210.62348,72.398144,30.127523,13.578279,6.2867782,2.8596670,1.2366868,
0.48544498
0.00003967,0.00030346,0.00154681,0.00630146,0.02193566,0.06630265,
0.16723034,1.0,0.23053556,0.11621282,1.0,1.0,1.0,1.0,1.0,1.0,1.0,1.0
0.00025039,0.00212834,0.01162181,0.04723589,0.14418665,0.30902179,
0.39566516,1.0,0.48780467,0.50806283,1.0,1.0,1.0,1.0,1.0
0.00104702,0.00968934,0.05013686,0.16540359,0.34285340,0.40738390,
1.0,1.0,1.0,1.0
0.00303874,0.02382416,0.09243740,0.22547031,0.34476864,0.36006688,
0.25173614,1.0
                                                                 HOLMIUM
*67,172
1,1,1,1
1,R69,0,0
C43
21
15979171.0,2393691.0,544844.02,154334.19,50345.346,18170.086,7082.4185,
2933.3936,1275.5654,575.45742,261.61119,124.79209,60.032907,24.886818,
13.016478,5.2634770,2.5583234,0.69983423,0.31440291,0.05201200,
0.02188556
15
46028.924,10904.094,3539.2624,1351.0144,571.52537,259.09242,123.32787,
60.404399,29.499229,14.810567,6.8463854,3.2036248,1.3082867,0.56475913,
0.22058818
10
2306.0619,696.58176,270.89818,118.84285,55.818190,27.172406,13.405641,
6.4596030,2.9864087,1.2479322
8
196.90688,67.555729,27.892001,12.469470,5.6681430,2.5065348,1.0360097,
0.37576670
*67,169
11,8,5,2
3,R69,R69,1
C2,C36,C43
7,1,2,1,1,1,1,1,1,1,1
7719317.0,1165878.8,272744.61,80746.224,27344.609,10120.307,4012.5053,
1684.0793,743.20805,342.75912,140.94480,65.509033,25.872207,13.641082,
5.3271041,2.6218826,0.71532519,0.33171929
7,1,2,1,1,1,1,1
50964.807,12072.245,3918.8436,1496.6048,633.61966,287.77542,137.35943,
67.648113,32.863795,16.546194,7.8407488,3.7841864,1.7453426,0.72853005,
0.30128742
6,1,1,1,1
2345.6155,708.59431,275.65676,120.98591,56.879653,27.720912,13.712702,
6.6282685,3.0831436,1.3069273
7,1
218.46927,75.141517,31.292194,14.114616,6.5328743,2.9665919,1.2789099,
0.49951580
0.00004504,0.00034377,0.00170681,0.00671450,0.02294480,0.06859872,
0.17158505,1.0,0.23264399,0.10625266,1.0,1.0,1.0,1.0,1.0,1.0,1.0,1.0
0.00021187,0.00186777,0.01048629,0.04361028,0.13619555,0.30004706,
0.39862439,1.0,0.47550355,0.52309991,1.0,1.0,1.0,1.0,1.0
0.00104469,0.00967524,0.05013378,0.16562368,0.34352383,0.40734330,
1.0,1.0,1.0,1.0
0.00309010,0.02425291,0.09410710,0.22818892,0.34589985,0.35836082,
0.24984207,1.0
                                                                  ERBIUM
*68,172
1,1,1,1
1,R69,0,0
C43
21
16802666.0,2510244.7,569601.25,161380.01,52507.540,18926.818,7371.1109,
3050.2723,1323.2350,597.27342,271.16297,129.31522,62.181972,25.800201,
13.496615,5.4573371,2.6497219,0.71963282,0.32318988,0.05291261,
0.02219586
15
42843.036,10457.954,3446.1370,1326.5406,567.21087,260.25608,125.47056,
63.660823,30.641406,15.376565,7.2008935,3.3720906,1.4008232,0.59855490,
0.23138560
10
2384.6904,722.01696,280.62616,123.17225,57.831626,28.216325,13.948956,
6.7220545,3.1059967,1.2945139
8
203.93781,70.095288,28.935130,12.940960,5.8817843,2.5979658,1.0703952,
0.38612784
*68,169
11,8,5,2
3,R69,R69,1
C2,C36,C43
7,1,2,1,1,1,1,1,1,1,1
9355271.6,1426685.9,328461.58,93721.152,30714.828,11120.899,4347.4312,
1808.1587,793.25916,364.03501,147.63805,68.514484,27.114539,14.293437,
5.5614372,2.7324141,0.73395972,0.33971518
7,1,2,1,1,1,1,1
40299.884,9586.5099,3157.5559,1236.0420,536.89312,248.97552,120.77858,
60.051377,29.943472,15.274727,7.2811148,3.4880983,1.5299044,0.68323038,
0.29125642
6,1,1,1,1
2429.2971,733.88233,285.52845,125.35809,58.963617,28.757728,14.232236,
6.8813948,3.1996836,1.3549305
7,1
226.13542,77.814321,32.423583,14.635280,6.7710430,3.0696934,1.3193834,
0.51288306
0.00003655,0.00027744,0.00143765,0.00598587,0.02120570,0.06489268,
0.16541836,1.0,0.23185187,0.11851838,1.0,1.0,1.0,1.0,1.0,1.0,1.0,1.0
0.00033618,0.00290676,0.01546454,0.05938323,0.16949719,0.33501634,
0.38315868,1.0,0.53726086,0.44760454,1.0,1.0,1.0,1.0,1.0
0.00104180,0.00965786,0.05011499,0.16580222,0.34415110,0.40732709,
1.0,1.0,1.0,1.0
0.00314949,0.02473843,0.09593401,0.23106972,0.34704610,0.35654731,
0.24776757,1.0
                                                                 THULIUM
*69,172
1,1,1,1
1,R69,0,0
C43
21
15336619.0,2321498.4,533204.75,152801.08,50279.506,18251.418,7150.8988,
2978.1199,1301.6118,588.32676,263.47546,129.17080,62.736915,26.472925,
13.810385,5.7164289,2.7471573,0.74616798,0.33348083,0.05350573,
0.02246175
15
49325.203,11610.474,3756.9556,1431.8359,604.69646,273.72309,130.21978,
63.790818,31.317156,15.770804,7.3179920,3.4194171,1.3883336,0.59673125,
0.23196194
10
2453.2199,744.39176,290.04602,127.40805,59.922385,29.218045,14.427626,
6.9616149,3.2185311,1.3427530
8
216.70493,74.085247,30.551311,13.643283,6.1885315,2.7243669,1.1173281,
0.40027290
*69,169
11,8,5,2
3,R69,R69,1
C2,C36,C43
7,1,2,1,1,1,1,1,1,1,1
7189765.5,1080879.5,248233.62,71565.553,23988.875,8940.3279,3597.9534,
1534.5106,684.72499,315.44566,141.74990,66.967111,26.889289,14.156672,
5.5891763,2.7356868,0.75246162,0.34344941
7,1,2,1,1,1,1,1
41064.776,9778.6315,3194.3896,1231.4226,527.68340,242.24812,116.48883,
57.158490,28.621436,14.580958,6.9412595,3.2939084,1.3456132,0.62278201,
0.27531774
6,1,1,1,1
2512.4438,759.11601,295.39611,129.73471,61.052313,29.798277,14.753842,
7.1352228,3.3167108,1.4031735
7,1
234.46275,80.714469,33.653563,15.199392,7.0282248,3.1804738,1.3626059,
0.52692169
0.00005303,0.00040915,0.00210807,0.00853370,0.02885140,0.08319427,
0.19743938,1.0,0.23566503,0.05430889,1.0,1.0,1.0,1.0,1.0,1.0,1.0,1.0
0.00034231,0.00296509,0.01616240,0.06360393,0.18225356,0.35242637,
0.38007177,1.0,0.57050568,0.39551660,1.0,1.0,1.0,1.0,1.0
0.00104064,0.00965301,0.05014640,0.16609127,0.34487158,0.40723726,
1.0,1.0,1.0,1.0
0.00318933,0.02509153,0.09734526,0.23334016,0.34796490,0.35510688,
0.24630133,1.0
                                                               YTTERBIUM
*70,172
1,1,1,1
1,R69,0,0
C43
21
15874209.0,2396920.3,550190.50,157136.27,51667.659,18782.754,7370.7776,
3071.4688,1342.5378,607.67024,274.07132,133.58444,64.927758,27.274950,
14.266406,5.8267845,2.8109416,0.76402874,0.33868438,0.05453052,
0.02279233
15
50686.846,11956.152,3871.5950,1476.3972,624.36731,283.07777,134.79853,
66.072455,32.380585,16.283456,7.5266633,3.5062020,1.4060090,0.60477513,
0.23518564
10
2528.3570,765.10381,298.00187,130.94908,61.619422,30.071721,14.854616,
7.1662380,3.3124755,1.3811515
8
221.61936,76.124071,31.514318,14.116035,6.4142517,2.8266169,1.1602936,
0.41555735
*70,169
11,8,5,2
3,R69,R69,1
C2,C36,C43
7,1,2,1,1,1,1,1,1,1,1
10662343.0,1597040.1,363469.63,102942.84,33578.214,12119.994,4726.8639,
1962.0429,859.30366,393.61386,158.07473,73.389692,29.101042,15.354822,
5.9771934,2.9230967,0.77709559,0.35716493
7,1,2,1,1,1,1,1
55239.113,13085.774,4248.3469,1622.6858,687.12055,312.15351,149.07435,
73.497080,35.835415,18.074174,8.5370453,4.0997547,1.8625224,0.78032820,
0.32047623
6,1,1,1,1
2596.8847,784.66516,305.36857,134.15169,63.159219,30.848810,15.281065,
7.3935300,3.4360802,1.4522951
7,1
242.74736,83.610286,34.882168,15.763298,7.2864308,3.2926517,1.40680992,
0.54154265
0.00003363,0.00026145,0.00137164,0.00575594,0.02049552,0.06302713,
0.16171368,1.0,0.23131633,0.12566050,1.0,1.0,1.0,1.0,1.0,1.0,1.0,1.0
0.00021559,0.00190003,0.01066405,0.04432459,0.13821649,0.30329049,
0.39892765,1.0,0.48914117,0.51391357,1.0,1.0,1.0,1.0,1.0
0.00103966,0.00965154,0.05019702,0.16643591,0.34563572,0.40709278,
1.0,1.0,1.0,1.0
0.00323312,0.02546421,0.09880253,0.23563263,0.34883527,0.35367623,
0.24469516,1.0
