D.BASIS2B                                                       NITROGEN
*7,5
1,1,0,0
1,R17,0,0
C37
2
13.08,0.4405
1
0.5467
*7,6
1,1,0,0
1,R17,0,0
C37
3
64.25,9.353,0.4509
1
0.5467
*7,10
1,1,0,0
1,R17,0,0
C37
4
218.4,32.78,7.031,0.4378
2
2.333,0.4148
*7,10
1,1,0,0
0,R44,0,0
4
2.1703831E+2,3.2601961E+1,6.9904611E+0,4.2492159E-1
2
2.3289375E+0,4.1372834E-1
*7,10
1,1,0,0
0,R33,0,0
4
217.23134,32.636131,6.999433,0.424895
2
2.337950,0.415430
*7,11
1,1,0,0
1,R17,0,0
C37
5
553.3,84.91,19.62,5.421,0.4201
2
2.333,0.4148
*7,11
1,1,0,0
0,R33,0,0
5
628.50280,94.738456,21.226649,5.666831,0.424281
2
2.337951,0.415430
*7,12
1,1,0,0
0,R33,0,0
6
678.71900,102.26600,22.906600,6.106400,0.839540,0.258530
2
2.337950,0.415430
*7,14
1,1,0,0
0,R33,0,0
5
628.50300,94.738500,21.226600,5.666830,0.424280
3
6.127970,1.261310,0.291590
*7,15
1,1,0,0
1,R17,0,0
C37
6
1105.0,171.1,39.99,11.69,3.970,0.4131
3
6.273,1.282,0.2974
*7,15
1,1,0,0
0,R44,0,0
6
1.4838349E+3,2.2352297E+2,5.0945900E+1,1.4341934E+1,4.5614738E+0,
4.1814157E-1
3
6.1397908E+0,1.2660148E+0,2.9427045E-1
*7,15
1,1,0,0
0,R49,0,0
6
6.7767639E+2,1.0213490E+2,2.2883762E+1,6.1020159E+0,8.3812401E-1,
2.5811059E-1
3
6.1253996E+0,1.2612369E+0,2.9165873E-1
*7,15
1,1,0,0
0,R33,0,0
6
678.71873,102.26555,22.906555,6.106404,0.839544,0.258533
3
6.127970,1.261310,0.291590
*7,15
1,1,0,0
1,R85,0,0
C29
6
6.6315450E+2,1.0000132E+2,2.2407347E+1,5.9733218E+0,7.2827120E-1,
1.9252735E-1
3
3.2618402E+0,6.1236841E-1,8.3806940E-2
*7,15
1,1,0,0
1,R85,0,0
C30
6
6.6851015E+2,1.0073522E+2,2.2557372E+1,6.0080338E+0,7.6640624E-1,
2.1150613E-1
3
4.7344053E+0,9.4615375E-1,1.8393693E-1
*7,15
1,1,0,0
1,R85,0,0
C31
6
6.9165064E+2,1.0423437E+2,2.3363275E+1,6.2410333E+0,9.2800486E-1,
3.1755782E-1
3
7.2711566E+0,1.5272028E+0,3.8448010E-1
*7,15
1,1,0,0
1,R85,0,0
C32
6
7.0936960E+2,1.0690302E+2,2.3974947E+1,6.4208796E+0,1.0413836E+0,
3.8680031E-1
3
8.4416474E+0,1.8033933E+0,4.8403769E-1
*7,15
1,1,0,0
1,R85,0,0
C30
6
1.4266768E+3,2.1472957E+2,4.8921181E+1,1.3801288E+1,4.4325240E+0,
3.9087187E-1
3
4.6786351E+0,9.3272305E-1,1.8141928E-1
*7,15
1,1,0,0
1,R85,0,0
C31
6
1.5508235E+3,2.3350885E+2,5.3185185E+1,1.4937016E+1,4.7195836E+0,
4.6986787E-1
3
7.3026501E+0,1.5366467E+0,3.8820379E-1
*7,15
1,1,0,0
1,R85,0,0
C32
6
1.6083086E+3,2.4209124E+2,5.5126816E+1,1.5464472E+1,4.8742174E+0,
5.3158162E-1
3
8.4769726E+0,1.8141424E+0,4.8798298E-1
*7,15
1,-1,0,0
1,R85,0,0
C29
3
4.8801015E+2,7.3597357E+1,1.6442938E+1
3
4.4632461E+0,7.6695445E-1,1.2301094E-1
*7,15
1,-1,0,0
1,R85,0,0
C30
3
6.0901916E+2,9.1826023E+1,2.0599234E+1
3
5.5853269E+0,1.0579445E+0,2.1747556E-1
*7,15
1,-1,0,0
1,R85,0,0
C31
3
7.4512583E+2,1.1229917E+2,2.5229595E+1
3
6.7912538E+0,1.4681109E+0,3.8417049E-1
*7,15
1,-1,0,0
1,R85,0,0
C32
3
7.7867736E+2,1.1733542E+2,2.6375497E+1
3
7.1091159E+0,1.6204407E+0,4.5962547E-1
*7,16
1,1,0,0
1,R17,0,0
C37
7
1619.0,248.7,57.75,16.36,5.081,0.7797,0.2350
3
6.273,1.282,0.2974
*7,16
1,1,0,0
0,R28,0,0
7
2038.41,301.689,66.4630,17.8081,5.30452,0.764993,0.234424
3
5.95461,1.23293,0.286752
*7,17
1,1,0,0
0,R33,0,0
8
4284.8000,643.22000,146.24500,41.140300,13.110100,4.464320,0.761970,
0.229590
3
6.127970,1.261310,0.291590
*7,19
1,1,0,0
0,R33,0,0
7
1771.5400,266.30500,60.359900,16.718900,5.133080,0.780880,0.237370
4
13.573100,2.923070,0.798920,0.218880
*7,20
1,1,0,0
1,R17,0,0
C37
8
6937.0,547.1,122.2,33.92,10.77,3.796,0.7996,0.2405
4
19.82,3.896,0.9852,0.2512
*7,20
1,1,0,0
0,R44,0,0
8
4.2424947E+3,6.3668919E+2,1.4480818E+2,4.0781763E+1,1.3023061E+1,
4.4467567E+0,7.6056601E-1,2.2908949E-1
4
1.3534555E+1,2.9157144E+0,7.9719571E-1,2.1852828E-1
*7,20
1,1,0,0
0,R33,0,0
8
4284.7981,643.22022,146.24481,41.140323,13.110075,4.464323,0.761970,
0.229593
4
13.573142,2.923067,0.798916,0.218883
*7,21
1,1,0,0
0,R33,0,0
9
8104.0700,1216.0200,277.23400,78.904000,25.874400,9.346770,3.579790,
0.739610,0.222620
4
13.573100,2.923070,0.798920,0.218880
*7,25
1,1,0,0
0,R44,0,0
10
1.2397254E+4,1.8385630E+3,4.1385238E+2,1.1585363E+2,3.7235336E+1,
1.3071895E+1,4.8257083E+0,1.4288749E+0,5.4811570E-1,1.8625892E-1
5
2.6661325E+1,5.9550693E+0,1.7444974E+0,5.5593269E-1,1.7267111E-1
*7,25
1,1,0,0
0,R33,0,0
10
13119.600,1963.1200,445.29600,125.44700,40.396900,14.160700,5.229600,
1.739200,0.602530,0.195060
5
26.869000,5.991230,1.750840,0.560510,0.175950
*7,28
1,1,0,0
0,R33,0,0
10
13119.583,1963.1225,445.29600,125.44690,40.396925,14.160743,5.229601,
1.739195,0.602525,0.195063
6
49.873400,11.498500,3.472640,1.194580,0.421670,0.143890
*7,29
1,1,0,0
0,R33,0,0
11
22800.200,3413.4500,776.38300,219.96600,71.795200,25.817500,9.929540,
3.948430,1.110850,0.436520,0.160920
6
49.370672,11.380142,3.436903,1.182076,0.417456,0.142847
*7,30
1,1,0,0
0,R33,0,0
12
40564.500,6061.2500,1374.9200,388.04200,126.21000,45.517100,17.742100,
7.370600,3.187100,1.026430,0.398720,0.151530
6
49.370700,11.380100,3.436900,1.182080,0.417460,0.142850
*7,32
1,1,0,0
1,R15,0,0
C56
11
23185.920,3473.8461,780.98481,216.64819,68.482869,23.406095,8.5663104,
3.3579360,0.90648261,0.34187079,0.13444198
7
60.142460,13.946475,4.3381489,1.5981503,0.63676737,0.26085025,
0.10427314
*7,33
1,1,0,0
0,R33,0,0
12
40564.455,6061.2526,1374.9181,388.04177,126.21030,45.517104,17.742148,
7.370599,3.187096,1.026431,0.398715,0.151533
7
82.771495,19.381951,5.997132,2.143546,0.820812,0.316975,0.118819
*7,34
1,1,0,0
0,R33,0,0
13
74761.700,11123.700,2512.6900,703.77700,225.47900,79.615800,30.237300,
12.263600,5.265090,2.333470,0.901860,0.358340,0.141090
7
82.771500,19.382000,5.997130,2.143550,0.820810,0.316980,0.118820
*7,5
1,0,0,0
1,R10,R10,1
C2,C33
5
5008.0,762.0,174.0,49.5,15.90
0.6181514,1.139125,1.860405,2.504520,2.428214
*7,5
1,0,0,0
1,R10,R10,1
C2,C33
5
5909.44,887.451,204.749,59.8376,19.9981
0.5739285,1.059085,1.709421,2.321269,2.416292
*7,10
2,1,0,0
2,R16,R16,1
C9,C-3
2,2
3.71814E+01,6.32960E+00,1.40842E+01,3.66429E-01
2
1.57209E+00,2.84104E-01
4.44588E-01,6.70362E-01,-2.71229E-01,1.01152E+00
5.25796E-01,6.50159E-01
*7,10
2,1,0,0
1,R24,R24,1
C19
2,2
6.357953E+1,9.230158E+0,1.101003E+1,4.216567E-1
2
2.304868E+0,4.094001E-1
2.663950E-1,8.300462E-1,-7.195049E-2,1.014200E+0
3.423681E-1,8.028147E-1
*7,11
4,2,0,0
0,R60,R60,1
2,1,1,1
301.7,42.14,8.317,0.7812,0.2373
1,1
1.719,0.2921
0.12649,0.92705,1.0,1.0,1.0
1.0,1.0
*7,15
2,1,0,0
2,R16,R16,1
C9,C-3
3,3
9.55720E+01,1.71173E+01,4.44008E+00,1.18527E+01,5.44801E-01,1.73200E-01
3
3.44669E+00,7.46574E-01,1.92196E-01
1.67753E-01,5.45580E-01,4.29160E-01,-2.95027E-01,6.96797E-01,3.78818E-01
2.37401E-01,5.72017E-01,4.15644E-01
*7,15
2,1,0,0
1,R68,R68,1
C20
3,3
2.10633E+2,3.17445E+1,6.82708E+0,6.59787E+0,8.79820E-1,2.69261E-1
3
6.11362E+0,1.25946E+0,2.91612E-1
7.05931E-2,3.95908E-1,6.62113E-1,-8.90379E-2,3.79306E-1,7.04726E-1
1.15967E-1,4.69361E-1,6.18892E-1
*7,15
2,1,0,0
0,R73,R73,1
3,3
218.36449,32.59889,6.91739,8.32638,0.65919,0.21009
3
6.12035,1.25938,0.29145
0.06787,0.39020,0.67008,-0.08089,0.56720,0.51109
0.11592,0.46996,0.61845
*7,15
2,1,0,0
0,R51,R51,4
4,2
6.9389159E+2,1.0459998E+2,2.3489776E+1,6.3344778E+0,1.2906681E+0,
3.0741878E-1
3
6.3344778E+0,1.2906681E+0,3.0741878E-1
0.01737913,0.12134671,0.43213014,0.56274856,0.23623083,0.82031965
0.11305510,0.45963851,0.62584731
0,R51
3,2,0,0
4,1,1
0.01737913,0.12134671,0.43213014,0.56274856,1.0,1.0
2,1
0.21571630,0.87701939,1.0
0,R51
4,2,0,0
3,1,1,1
0.03291998,0.22985789,0.81855143,1.0,1.0,1.0
2,1
0.21571630,0.87701939,1.0
0,R51
4,3,0,0
3,1,1,1
0.03291998,0.22985789,0.81855143,1.0,1.0,1.0
1,1,1
1.0,1.0,1.0
*7,15
2,1,0,0
1,R24,R24,1
C19
3,3
2.141064E+2,3.215723E+1,6.866035E+0,8.394697E+0,6.465681E-1,2.050868E-1
3
6.085492E+0,1.252070E+0,2.896766E-1
6.913578E-2,3.934835E-1,6.657830E-1,-8.165721E-2,5.980757E-1,4.802935E-1
1.164253E-1,4.705657E-1,6.176643E-1
*7,16
2,1,0,0
3,R8,R8,1
C2,C-4,C-9
5,2
636.101,105.386,27.5167,9.02708,3.33086,0.828625,0.243109
3
5.19829,1.10716,0.261750
0.01817,0.10776,0.32320,0.47673,0.22046,0.50027,0.63917
0.13843,0.49760,0.57505
*7,16
2,1,0,0
1,R33,R56,1
C45
5,2
1771.5398,266.30519,60.359905,16.718850,5.133083,0.780879,0.237369
3
6.127965,1.261308,0.291589
0.005355,0.039721,0.179451,0.456522,0.461497,0.411398,0.646055
0.115973,0.472117,0.618467
*7,16
2,1,0,0
0,R73,R73,1
4,3
621.69096,93.58744,20.90772,5.50386,7.77526,0.67624,0.21194
3
6.10393,1.25715,0.29092,
0.01933,0.13359,0.45964,0.52853,-0.08297,0.56713,0.51482
0.11643,0.47068,0.61748
*7,16
2,1,0,0
0,R51,R51,4
5,2
1.8379944E+3,2.7644414E+2,6.2749943E+1,1.7400276E+1,5.3499987E+0,
1.1465393E+0,2.8496897E-1
3
5.3499987E+0,1.1465393E+0,2.8496897E-1
0.00517214,0.03867461,0.17331627,0.45832839,0.46479224,0.30880232,
0.75594299
0.13497660,0.47768259,0.58916909
0,R51
3,2,0,0
5,1,1
0.00517214,0.03867461,0.17331627,0.45832839,0.46479224,1.0,1.0
2,1
0.24170135,0.85538182,1.0
0,R51
4,2,0,0
4,1,1,1
0.00836556,0.06255332,0.28032620,0.74131218,1.0,1.0,1.0
2,1
0.24170135,0.85538182,1.0
0,R51
4,3,0,0
4,1,1,1
0.00836556,0.06255332,0.28032620,0.74131218,1.0,1.0,1.0
1,1,1
1.0,1.0,1.0
*7,17
5,3,0,0
2,R10,R10,1
C2,C15
4,1,1,1,1
5008.0,762.0,174.0,49.5,15.90,5.3090,1.0220,0.3940
1,1,1
7.250,1.40,0.2950
0.6181514,1.139125,1.860405,2.504520,1.0,1.0,1.0,1.0
1.0,1.0,1.0
*7,18
2,1,0,0
0,R73,R73,1
3,3
218.36449,32.59889,6.91739,8.32638,0.65919,0.21009
4
13.58077,2.92452,0.79829,0.21875
0.06787,0.39020,0.67008,-0.08089,0.56720,0.51109
0.03968,0.21620,0.51039,0.46309
*7,19
2,1,0,0
0,R73,R73,1
4,3
621.71806,93.58168,20.90232,5.50117,7.78145,0.67090,0.20942
4
13.58580,2.92376,0.79806,0.21858
0.01933,0.13358,0.45967,0.52854,-0.08288,0.57420,0.50797
0.03974,0.21671,0.51054,0.46259
*7,20
2,1,0,0
2,R16,R16,1
C9,C-3
4,4
2.17667E+02,3.96098E+01,1.07711E+01,3.42380E+00,4.52912E+01,7.89995E+00,
6.10336E-01,1.90161E-01
4
6.81282E+00,1.56851E+00,4.61632E-01,1.45557E-01
6.48326E-02,2.82569E-01,5.35311E-01,2.67792E-01,-8.85431E-02,-0.249891,
6.45328E-01,4.50787E-01
1.01930E-01,3.60646E-01,5.16008E-01,2.61890E-01
*7,20
2,1,0,0
0,R51,R51,4
6,2
3.3862833E+3,5.0858182E+2,1.1540574E+2,3.1912016E+1,9.6070026E+0,
2.8366515E+0,8.4088294E-1,2.3256222E-1
4
9.6070026E+0,2.8366515E+0,8.4088294E-1,2.3256222E-1
0.00236047,0.01798372,0.08715987,0.28973076,0.53662163,0.22528391,
0.49273304,0.57648735
0.05303790,0.19124551,0.49226954,0.48631044
0,R51
3,2,0,0
6,1,1
0.00236047,0.01798372,0.08715987,0.28973076,0.53662163,0.22528391,
1.0,1.0
3,1
0.08107641,0.29234753,0.75250802,1.0
0,R51
4,2,0,0
4,2,1,1
0.00641473,0.04887184,0.23686214,0.78736063,0.74093465,0.31105838,
1.0,1.0
3,1
0.08107641,0.29234753,0.75250802,1.0
0,R51
4,3,0,0
4,2,1,1
0.00641473,0.04887184,0.23686214,0.78736063,0.74093465,0.31105838,
1.0,1.0
2,1,1
0.23154411,0.83490805,1.0,1.0
*7,20
2,1,0,0
1,R24,R24,1
C19
4,4
6.156398E+2,9.284316E+1,2.070341E+1,5.470375E+0,3.480423E+1,7.363335E+0,
6.764089E-1,2.108459E-1
4
1.353789E+1,2.913618E+0,7.954953E-1,2.179462E-1
1.952993E-2,1.349016E-1,4.621335E-1,5.246789E-1,-1.017511E-2,
-9.477406E-2,5.760407E-1,5.110324E-1
3.990437E-2,2.172447E-1,5.106687E-1,4.619019E-1
*7,24
3,2,0,0
0,R2,R26,5
6,1,2
5909.44,887.451,204.749,59.8376,19.9981,2.68598,7.19274,0.70004,0.21329
4,1
26.7860,5.95635,1.70740,0.53136,0.16537
0.002004,0.015310,0.074293,0.253364,0.600576,0.245111,1.0,0.552334,
0.508031
0.018257,0.116407,0.390111,0.637221,1.0
0,R26
4,2,0,0
6,1,1,1
0.002004,0.015310,0.074293,0.253364,0.600576,0.245111,1.0,1.0,1.0
4,1
0.018257,0.116407,0.390111,0.637221,1.0
0,R26
4,3,0,0
6,1,1,1
0.002004,0.015310,0.074293,0.253364,0.600576,0.245111,1.0,1.0,1.0
3,1,1
0.038244,0.243846,0.817193,1.0,1.0
0,R26
5,3,0,0
4,2,1,1,1
0.006240,0.047669,0.231317,0.788869,0.792912,0.323609,1.0,1.0,1.0
3,1,1
0.038244,0.243846,0.817193,1.0,1.0
0,R71
4,2,0,0
5,2,1,1
0.002313,0.017670,0.085745,0.292420,0.693154,0.253646,0.777532,1.0,1.0
3,2
0.038244,0.243846,0.817192,0.669566,0.419782
*7,24
4,2,0,0
1,R33,R56,1
C45
5,2,1,1
8104.0716,1216.0215,277.23428,78.904023,25.874419,9.346767,3.579794,
0.739610,0.222617
3,2
26.868987,5.991227,1.750842,0.560511,0.175948
0.001927,0.014827,0.075000,0.276630,0.717867,0.670058,0.366960,1.0,1.0
0.039476,0.248568,0.811159,0.643578,0.446738
*7,24
4,2,0,0
0,R52,R52,1
5,2,1,1
1228.3,8036.6,273.95,77.438,25.521,9.2768,3.5796,0.73941,0.22140
4,1
26.9319,5.9931,1.7504,0.56152,0.17516
0.01453,0.001883,0.076065,0.27942,0.71451,0.66793,0.36864,1.0,1.0
0.018628,0.11786,0.38309,0.63819,1.0
*7,24
5,5,0,0
2,R10,R10,1
C2,C15
5,1,1,1,1
5008.0,762.0,174.0,49.5,15.90,18.34,5.310,1.022,0.393
1,1,1,1,1
22.40,5.04,1.47,0.459,0.140
0.6181514,1.139125,1.860405,2.504520,2.428214,1.0,1.0,1.0,1.0
1.0,1.0,1.0,1.0,1.0
*7,25
4,2,0,0
2,R11,R11,1
C-2,C-5
3,4,2,1
3489.52530,1070.17620,218.54990,57.28790,23.53420,9.66480,3.45970,
7.06990,0.67840,0.20790
4,1
26.78600,5.95635,1.70740,0.53136,0.16537
0.029223,0.121686,0.904725,0.154524,0.245082,0.456930,0.263242,
-0.143253,1.052443,1.0
0.018257,0.116408,0.390114,0.637227,1.0
*7,25
2,1,0,0
2,R16,R16,1
C9,C-3
5,5
4.53389E+02,8.29239E+01,2.29537E+01,7.64879E+00,2.73839E+00,1.54078E+02,
2.75785E+01,7.03214E+00,6.22881E-01,1.92827E-01
5
1.24142E+01,2.95997E+00,9.48361E-01,3.28080E-01,1.17733E-01
2.67709E-02,1.32795E-01,3.60652E-01,4.72914E-01,1.60077E-01,-0.0220597,
-1.00830E-01,-2.23926E-01,6.38038E-01,4.62472E-01
4.46204E-02,1.93687E-01,4.05909E-01,4.35619E-01,1.65778E-01
*7,25
2,1,0,0
1,R24,R24,1
C19
5,5
1.594665E+3,2.399168E+2,5.443689E+1,1.501177E+1,4.559641E+0,2.310313E+1,
6.229139E+0,8.537230E-1,3.472534E-1,1.398734E-1
5
2.659179E+1,5.940534E+0,1.739756E+0,5.540904E-1,1.722309E-1
6.050395E-3,4.495261E-2,1.973501E-1,4.892996E-1,4.095034E-1,
-1.548375E-2,-9.410243E-2,3.638343E-1,5.274011E-1,2.101657E-1
1.469339E-2,9.186051E-2,2.989269E-1,4.986211E-1,3.365790E-1
*7,29
5,3,0,0
0,R2,R32,2
6,2,1,1,1
13515.3,1998.96,439.998,120.899,38.4711,13.4578,13.4578,4.99299,
1.56866,0.580017,0.19230
4,1,1
35.9115,8.48042,2.70563,0.99207,0.37267,0.13460
0.000760,0.006076,0.032847,0.132396,0.393261,0.546339,0.252036,0.779385,
1.0,1.0,1.0
0.016916,0.102200,0.338134,0.669281,1.0,1.0
0,R32
5,4,0,0
6,2,1,1,1
0.000760,0.006076,0.032847,0.132396,0.393261,0.546339,0.252036,0.779385,
1.0,1.0,1.0
3,1,1,1
0.040319,0.243602,0.805968,1.0,1.0,1.0
*7,29
4,2,0,0
0,R22,R22,1
3,3,2,3
0.23185920E+5,0.34738461E+4,0.78098481E+3,0.21664819E+3,0.68482869E+2,
0.23406095E+2,0.84284704E+1,0.31164111E+1,0.83375429E+0,0.31986364E+0,
0.13045976E+0
3,3
0.34742146E+2,0.86213239E+1,0.27291561E+1,0.95061769E+0,0.33334366E+0,
0.11921682E+0
0.21479554E-1,0.16402569E+0,0.87480367E+0,0.83706821E-1,0.28175635E+0,
0.70614502E+0,0.71991108E+0,0.31667303E+0,0.39178265E+0,0.51032874E+0,
0.16585313E+0
0.41222981E-1,0.23192513E+0,0.81551083E+0,0.44634123E+0,0.49776551E+0,
0.19424805E+0
*7,32
5,3,0,0
3,R13,R13,2
C2,C5,C8
5,3,1,1,1
13515.3,1998.96,439.998,120.899,38.4711,13.4578,4.99299,1.65981,
0.736372,0.293648,0.123902
4,1,2
35.9111,8.48042,2.70563,1.00199,0.400617,0.168433,0.076081
0.00042,0.00339,0.01832,0.07395,0.21921,0.42475,0.36400,0.05576,1.0,1.0,
1.0
0.00907,0.05474,0.18143,0.34632,1.0,0.22602,0.04275
3,R13
C2,C5,C8
5,3,0,0
6,1,1,2,1
0.00042,0.00339,0.01832,0.07395,0.21921,0.42475,1.0,1.0,0.44284,0.50597,
1.0
4,1,2
0.00907,0.05474,0.18143,0.34632,1.0,0.22602,0.04275
*7,32
4,2,0,0
1,R33,R56,1
C45
6,2,2,1
22800.2,3413.45,776.383,219.966,71.7952,25.8175,9.92954,3.94843,
1.11085,0.436520,0.160920
5,2
82.7715,19.3820,5.99713,2.14355,0.820810,0.316980,0.118820
0.000550,0.004243,0.022250,0.088824,0.289495,0.682159,0.631324,
0.404507,0.252631,0.775601,1.0
0.003925,0.028979,0.124087,0.352810,0.626707,0.744506,0.312335
*7,34
4,2,0,0
1,R15,R15,1
C6
4,4,3,2
13383.0,1766.78,396.338,111.670,35.9714,12.9610,5.05613,1.94229,
5.7643022,0.94693704,0.48554083,0.24389741,0.11196526
4,3
58.9425,13.4502,4.25171,1.59623,0.641299,0.257573,0.101640
0.00486639,0.04104556,0.20676470,0.81639903,0.24140889,0.43396635,
0.36381297,0.06502861,-0.12983498,0.46925225,0.60815420,0.80312630,
0.21482248
0.01180044,0.08226262,0.30101258,0.71345631,0.49900055,0.45968064,
0.14684018
*7,37
5,3,0,0
1,R33,R56,2
C45
7,3,1,1,1
74761.715,11123.654,2512.6857,703.77729,225.47879,79.615810,30.237283,
12.263622,5.265086,2.333471,0.901856,0.358336,0.141093
5,2,1
126.66657,29.837389,9.394038,3.405104,1.35000,0.557696,0.232449,0.094264
0.000146,0.001149,0.006082,0.025941,0.093444,0.283776,0.674953,
0.510082,0.430477,0.111562,1.0,1.0,1.0
0.002800,0.021911,0.099140,0.316509,0.674780,0.577873,0.477758,1.0
0,R92
7,4,0,0
6,2,1,1,1,1,1
0.000050,0.000394,0.002088,0.008906,0.032081,0.097424,0.231728,0.377540,
1.0,1.0,1.0,1.0,1.0
4,2,1,1
0.001152,0.009016,0.040814,0.130101,0.277679,0.380736,1.0,1.0
*7,15
1,-2,0,0
2,R75,R75,1
C19,C50
3
2.42766D+02,3.64851D+01,7.81449D+00
2,1
5.42522D+00,1.14915D+00,2.83205D-01
5.98657D-02,3.52955D-01,7.06513D-01
-4.13301D-01,1.22442D+00,1.00000D+00
2.37972D-01,8.58953D-01,1.00000D+00
*7,16
1,-2,0,0
2,R77,R77,1
C19,C50
4
7.15345D+02,1.07490D+02,2.40414D+01,6.39437D+00
2,1
5.42522D+00,1.14915D+00,2.83205D-01
1.62587D-02,1.14910D-01,4.17387D-01,5.83539D-01
-4.13301D-01,1.22442D+00,1.00000D+00
2.37972D-01,8.58953D-01,1.00000D+00
*7,16
1,-2,0,0
3,R65,R65,1
C19,C50,C-31
4
6.71280D+02,1.01202D+02,2.27000D+01,6.04061D+00
2,1
5.57400D+00,1.15900D+00,2.82200D-01
1.75983D-02,1.22846D-01,4.33782D-01,5.61418D-01
1.00000D+00,-2.75300D+00,1.00000D+00
1.00000D+00,3.62900D+00,1.00000D+00
*7,18
1,-2,0,0
1,R75,R75,1
C19
6
4.15011D+03,6.20084D+02,1.41688D+02,4.03367D+01,1.30267D+01,
4.47003D+00
2,1
5.42522D+00,1.14915D+00,2.83205D-01
1.84541D-03,1.41645D-02,6.86325D-02,2.28574D-01,4.66162D-01,
3.65672D-01
-4.13301D-01,1.22442D+00,1.00000D+00
2.37972D-01,8.58953D-01,1.00000D+00
*7,20
1,-2,0,0
1,R31,R31,1
C19
4
6.712795D+02,1.012017D+02,2.269997D+01,6.040609D+00
3,1
1.264524D+01,2.981719D+00,8.494318D-01,2.352813D-01
1.759825D-02,1.228462D-01,4.337821D-01,5.614182D-01
-1.174893D-01,-2.139940D-01,1.174502D+00,1.000000D+00
6.402034D-02,3.112026D-01,7.527482D-01,1.000000D+00
*7,21
1,-2,0,0
1,R35,R35,1
C19
5
1.745285D+03,2.625413D+02,5.958251D+01,1.654435D+01,5.084876D+00
3,1
1.194496D+01,2.800090D+00,7.981581D-01,2.235978D-01
5.421222D-03,4.043458D-02,1.804449D-01,4.634396D-01,4.526307D-01
-1.161469D-01,-1.757314D-01,1.150529D+00,1.000000D+00
6.732113D-02,3.221238D-01,7.421562D-01,1.000000D+00
*7,22
1,-2,0,0
1,R35,R35,1
C19
6
4.173511D+03,6.274579D+02,1.429021D+02,4.023433D+01,1.282021D+01,
4.390437D+00
3,1
1.186242D+01,2.771431D+00,7.878976D-01,2.207742D-01
1.834772D-03,1.399463D-02,6.858655D-02,2.322409D-01,4.690699D-01,
3.604552D-01
-1.149612D-01,-1.691175D-01,1.145852D+00,1.000000D+00
6.757974D-02,3.239073D-01,7.408951D-01,1.000000D+00
*7,26
1,-3,0,0
2,R67,R67,1
C19,C51
6
6.29348D+03,9.49044D+02,2.18776D+02,6.36916D+01,1.88282D+01,
2.72023D+00
3,1,1
3.06331D+01,7.02614D+00,2.11205D+00,6.84009D-01,2.00878D-01
1.96979D-03,1.49613D-02,7.35006D-02,2.48937D-01,6.02460D-01,
2.56202D-01
1.11906D-01,9.21666D-01,-2.56919D-03,1.00000D+00,1.00000D+00
3.83119D-02,2.37403D-01,8.17592D-01,1.00000D+00,1.00000D+00
*7,10
1,-1,0,0
1,R24,R24,1
C19
2
6.361295E+1,9.269296E+0
2
2.326571E+0,4.133914E-1
2.627935E-1,8.324378E-1
-3.052822E-3,1.001846E+0
3.409803E-1,8.037850E-1
*7,15
1,-1,0,0
1,R24,R24,1
C19
3
2.123527E+2,3.188619E+1,6.841401E+0
3
5.646244E+0,1.185736E+0,2.912856E-1
6.964027E-2,3.958639E-1,6.628737E-1
-1.097734E-1,3.055042E-1,8.008609E-1
1.274825E-1,4.724609E-1,6.007528E-1
*7,20
1,-1,0,0
1,R24,R24,1
C19
4
6.187593E+2,9.327268E+1,2.090657E+1,5.525325E+0
4
1.100147E+1,2.601504E+0,7.528397E-1,2.158594E-1
1.937471E-2,1.341008E-1,4.575132E-1,5.298312E-1
-6.256882E-2,-6.620673E-2,5.700696E-1,5.512909E-1
5.058171E-2,2.306138E-1,4.995621E-1,4.472937E-1
*7,25
1,-1,0,0
1,R24,R24,1
C19
5
1.597130E+3,2.402330E+2,5.451058E+1,1.501285E+1,4.553173E+0
5
2.486487E+1,5.736882E+0,1.706735E+0,5.544043E-1,1.766751E-1
6.040601E-3,4.490061E-2,1.970287E-1,4.901702E-1,4.090673E-1
-1.625472E-2,-1.099794E-1,8.777936E-2,6.354726E-1,3.933173E-1
1.593593E-2,9.446715E-2,2.997873E-1,4.873502E-1,3.413672E-1
*7,30
1,-1,0,0
1,R24,R24,1
C19
6
3.782966E+3,5.681556E+2,1.292557E+2,3.627330E+1,1.151474E+1,3.883581E+0
6
4.902871E+1,1.163786E+1,3.656996E+0,1.257385E+0,4.403168E-1,1.513487E-1
2.072366E-3,1.581254E-2,7.697836E-2,2.547597E-1,4.879549E-1,3.127025E-1
-4.049933E-3,-4.843178E-2,-1.007911E-1,2.303805E-1,6.272573E-1,
2.851525E-1
5.554115E-3,3.539460E-2,1.366781E-1,3.401913E-1,4.606595E-1,2.650905E-1
*7,24
3,2,0,0
0,R2,R98,1
7,2,1
5909.44,887.451,204.749,59.8376,19.9981,7.19274,2.68598,
7.19274,0.70004,0.21329
4,1
26.7860,5.95635,1.70740,0.53136,0.16537
0.001190,0.009099,0.044145,0.150464,0.356741,0.446533,0.145603,
-0.160405,1.058215,1.0
0.018254,0.116461,0.390178,0.637102,1.0
                                                                  OXYGEN
*8,5
1,1,0,0
1,R17,0,0
C37
2
17.36,0.6064
1
0.7440
*8,6
1,1,0,0
1,R17,0,0
C37
3
84.93,12.42,0.6212
1
0.7440
*8,10
1,1,0,0
1,R17,0,0
C37
4
289.4,43.48,9.374,0.6008
2
3.188,0.5486
*8,10
1,1,0,0
0,R44,0,0
4
2.8660534E+2,4.3099012E+1,9.2850160E+0,5.7994829E-1
2
3.1650682E+0,5.4548677E-1
*8,10
1,1,0,0
0,R33,0,0
4
286.81763,43.120125,9.286970,0.579735
2
3.175230,0.547380
*8,11
1,1,0,0
1,R17,0,0
C37
5
736.6,112.9,26.04,7.212,0.5764
2
3.188,0.5486
*8,11
1,1,0,0
0,R33,0,0
5
825.32518,124.50649,27.991244,7.516443,0.578468
2
3.175230,0.547378
*8,12
1,1,0,0
0,R33,0,0
6
898.72500,135.41600,30.38270,8.130700,1.147960,0.349190
2
3.175230,0.547380
*8,14
1,1,0,0
0,R33,0,0
5
825.32500,124.50600,27.991200,7.516440,0.578470
3
8.142200,1.684710,0.374850
*8,15
1,1,0,0
1,R17,0,0
C37
6
1427.0,223.1,52.67,15.31,5.200,0.5599
3
8.356,1.719,0.3814
*8,15
1,1,0,0
0,R44,0,0
6
1.8691275E+3,2.8163018E+2,6.4252603E+1,1.8191519E+1,5.8769033E+0,
5.6851898E-1
3
8.1443564E+0,1.6875380E+0,3.7732267E-1
*8,15
1,1,0,0
0,R49,0,0
6
8.9793074E+2,1.3533605E+2,3.0371442E+1,8.1285624E+0,1.1468243E+0,
3.4886516E-1
3
8.1391688E+0,1.6846563E+0,3.7496283E-1
*8,15
1,1,0,0
0,R33,0,0
6
898.72515,135.41602,30.382708,8.130696,1.147961,0.349190
3
8.142200,1.684710,0.374850
*8,15
1,1,0,0
1,R85,0,0
C29
6
8.7715351E+2,1.3225509E+2,2.9678325E+1,7.9375854E+0,9.9476628E-1,
2.5725034E-1
3
5.1794933E+0,1.0002913E+0,1.5429425E-1
*8,15
1,1,0,0
1,R85,0,0
C30
6
8.8579848E+2,1.3350764E+2,2.9953385E+1,8.0099987E+0,1.0599992E+0,
2.9351481E-1
3
6.6848601E+0,1.3475938E+0,2.6141245E-1
*8,15
1,1,0,0
1,R85,0,0
C31
6
9.1362754E+2,1.3768607E+2,3.0905667E+1,8.2820838E+0,1.2494486E+0,
4.1495820E-1
3
9.6913551E+0,2.0438123E+0,5.0526900E-1
*8,15
1,1,0,0
1,R85,0,0
C32
6
9.3310404E+2,1.4062293E+2,3.1579218E+1,8.4801322E+0,1.3749212E+0,
4.9222900E-1
3
1.1008164E+1,2.3572902E+0,6.1820162E-1
*8,15
1,1,0,0
1,R85,0,0
C33
6
9.5705296E+2,1.4422843E+2,3.2405561E+1,8.7248597E+0,1.5291651E+0,
5.7916367E-1
3
1.2357801E+1,2.6828696E+0,7.3823945E-1
*8,15
1,1,0,0
1,R85,0,0
C30
6
1.7275518E+3,2.6035803E+2,5.9402385E+1,1.6866479E+1,5.5392482E+0,
5.3319137E-1
3
6.6269923E+0,1.3340910E+0,2.5924425E-1
*8,15
1,1,0,0
1,R85,0,0
C31
6
1.9699882E+3,2.9668055E+2,6.7642949E+1,1.9096205E+1,6.1078280E+0,
6.2147815E-1
3
9.7270827E+0,2.0549134E+0,5.0964641E-1
*8,15
1,1,0,0
1,R85,0,0
C32
6
2.0439940E+3,3.0783802E+2,7.0185915E+1,1.9791844E+1,6.3066615E+0,
6.9033688E-1
3
1.1049028E+1,2.3699563E+0,6.2285724E-1
*8,15
1,1,0,0
1,R85,0,0
C33
6
2.1165884E+3,3.1864566E+2,7.2624409E+1,2.0458471E+1,6.5086352E+0,
7.6737392E-1
3
1.2397732E+1,2.6961826E+0,7.4299499E-1
*8,15
1,-1,0,0
1,R85,0,0
C29
3
6.7810725E+2,1.0227534E+2,2.2925625E+1
3
6.2496287E+0,1.1442382E+0,1.9507875E-1
*8,15
1,-1,0,0
1,R85,0,0
C30
3
8.0818932E+2,1.2186627E+2,2.7386251E+1
3
7.4510827E+0,1.4575445E+0,2.9809743E-1
*8,15
1,-1,0,0
1,R85,0,0
C31
3
9.9022889E+2,1.4923325E+2,3.3564404E+1
3
9.0524058E+0,1.9635573E+0,5.0207560E-1
*8,15
1,-1,0,0
1,R85,0,0
C32
3
1.0395887E+3,1.5664121E+2,3.5235619E+1
3
9.5000171E+0,2.1533556E+0,5.9089986E-1
*8,15
1,-1,0,0
1,R85,0,0
C33
3
1.0654554E+3,1.6054212E+2,3.6137867E+1
3
9.7709997E+0,2.3107581E+0,6.7639776E-1
*8,16
1,1,0,0
1,R17,0,0
C37
7
2200.0,332.2,76.93,21.74,6.773,1.103,0.3342
3
8.356,1.719,0.3814
*8,16
1,1,0,0
0,R28,0,0
7
2714.89,415.725,91.9805,24.4515,7.22296,1.06314,0.322679
3
7.75579,1.62336,0.365030
*8,17
1,1,0,0
0,R33,0,0
8
5469.6300,821.75200,187.28400,52.896400,17.011700,5.870770,1.039830,
0.310480
3
8.142200,1.684710,0.374850
*8,19
1,1,0,0
0,R33,0,0
7
2331.5700,350.64000,79.596500,22.120000,6.820620,1.070570,0.321510
4
17.739400,3.863290,1.048560,0.276060
*8,20
1,1,0,0
1,R17,0,0
C37
8
4909.0,729.7,162.9,45.05,14.37,5.052,1.106,0.3290
4
23.79,4.941,1.285,0.3186
*8,20
1,1,0,0
0,R44,0,0
8
5.5892780E+3,8.3913405E+2,1.9090170E+2,5.3801416E+1,1.7226865E+1,
5.9049400E+0,1.0382162E+0,3.0946866E-1
4
1.7687126E+1,3.8530608E+0,1.0458670E+0,2.7536589E-1
*8,20
1,1,0,0
0,R33,0,0
8
5469.6267,821.75235,187.28415,52.896390,17.011654,5.870769,1.039829,
0.310478
4
17.739374,3.863290,1.048558,0.276060
*8,21
1,1,0,0
0,R33,0,0
9
10662.300,1599.7100,364.72500,103.65200,33.905800,12.287500,4.756800,
1.004270,0.300690
4
17.739400,3.863290,1.048560,0.276060
*8,25
1,1,0,0
0,R33,0,0
10
16619.9,2488.82,565.236,159.262,51.284,17.9892,6.62809,2.018420,
0.760670,0.252910
5
34.85650,7.843130,2.308270,0.723160,0.214880
*8,25
1,1,0,0
0,R44,0,0
10
1.6027215E+4,2.3798774E+3,5.3562037E+2,1.5037633E+2,4.8508681E+1,
1.7101827E+1,6.3308522E+0,1.8358625E+0,7.1180749E-1,2.4335062E-1
5
3.4429388E+1,7.7511371E+0,2.2803123E+0,7.1542422E-1,2.1383067E-1
*8,28
1,1,0,0
0,R33,0,0
10
16619.901,2488.8246,565.23577,159.26202,51.284014,17.989164,6.628092,
2.018416,0.760669,0.252912
6
64.77190,14.97270,4.55440,1.563690,0.541070,0.177760
*8,29
1,1,0,0
0,R33,0,0
11
31195.565,4669.3797,1062.6172,301.42573,98.515283,35.460926,13.617874,
5.386177,1.538729,0.605501,0.220544
6
64.771949,14.972658,4.554398,1.563689,0.541065,0.177759
*8,30
1,1,0,0
0,R33,0,0
12
57134.20,6526.180,1929.080,542.4740,176.0460,63.32120,24.61430,10.21750,
4.383550,1.408210,0.548530,0.206190
6
64.77190,14.97270,4.55440,1.563690,0.541070,0.177760
*8,32
1,1,0,0
1,R15,0,0
C56
11
30263.290,4579.8948,1035.7469,286.97422,90.841980,31.204775,11.483051,
4.5150542,1.2376438,0.46582458,0.18142318
7
78.602696,18.229900,5.7004682,2.1033268,0.83548982,0.34338491,0.13420835
*8,33
1,1,0,0
0,R33,0,0
12
57134.233,8526.1828,1929.0827,542.47388,176.04594,63.321180,24.614264,
10.217494,4.383550,1.408205,0.548532,0.206187
7
114.86347,26.876666,8.320766,2.972366,1.128482,0.423603,0.150740
*8,34
1,1,0,0
0,R33,0,0
13
105375.0,15679.20,3534.540,987.3650,315.9790,111.6540,42.69950,17.39560,
7.438310,3.222860,1.253880,0.495160,0.191670
7
114.8630,26.87670,8.320770,2.972370,1.128480,0.423600,0.150740
*8,5
1,0,0,0
1,R10,R10,1
C2,C34
5
6540.0,995.0,227.0,64.6,20.8
0.7600763,1.400529,2.292811,3.081730,2.998720
*8,5
1,0,0,0
1,R10,R10,1
C2,C34
5
7816.54,1175.82,273.188,81.1696,27.1836
0.7008216,1.290676,2.063705,2.792530,3.037160
*8,10
2,1,0,0
2,R16,R16,1
C9,C-3
2,2
4.89368E+01,8.36575E+00,1.89295E-01,4.98644E-01
2
2.08978E+00,3.59421E-01
4.44958E-01,6.69608E-01,-2.76874E-01,1.01141E+00
5.41085E-01,6.43337E-01
*8,10
2,1,0,0
1,R24,R24,1
C19
2,2
8.387674E+1,1.228656E+1,7.684635E-1,2.474365E-1
2
3.124534E+0,5.394050E-1
2.618666E-1,8.327590E-1,6.761316E-1,3.743843E-1
3.530503E-1,7.981834E-1
*8,11
4,2,0,0
0,R60,R60,1
2,1,1,1
338.9,50.28,10.57,1.071,0.3215
1,1
2.305,0.3755
0.13738,0.91791,1.0,1.0,1.0
1.0,1.0
*8,15
2,1,0,0
2,R16,R16,1
C9,C-3
3,3
1.25641E+02,2.25288E+01,5.85371E+00,1.59666E+01,7.38912E-01,2.31415E-01
3
4.47649E+00,9.56926E-01,2.35614E-01
1.67743E-01,5.47439E-01,4.26888E-01,-3.00948E-01,7.03736E-01,3.72783E-01
2.56611E-01,5.73900E-01,4.06581E-01
*8,15
2,1,0,0
0,R68,R68,1
3,3
2.77555E+2,4.18923E+1,9.04437E+0,9.28383E+0,1.14812E+0,3.53831E-1
3
8.09648E+0,1.67764E+0,3.74101E-1
7.03080E-2,3.95853E-1,6.61894E-1,-8.75258E-2,4.07671E-1,6.76432E-1
1.23326E-1,4.75101E-1,6.15173E-1
*8,15
2,1,0,0
0,R73,R73,1
3,3
281.86658,42.41600,9.09562,11.46603,0.88786,0.27880
3
8.04724,1.66842,0.37251
0.06906,0.39316,0.66567,-0.08082,0.58209,0.49716
0.12427,0.47659,0.61304
*8,15
2,1,0,0
0,R51,R51,4
4,2
9.1010591E+2,1.3719746E+2,3.0852873E+1,8.3506785E+0,1.7288645E+0,
3.9954862E-1
3
8.3506785E+0,1.7288645E+0,3.9954862E-1
0.01738840,0.12159014,0.43391525,0.56035813,0.26143481,0.80150569
0.12036979,0.46209457,0.62396375
0,R51
3,2,0,0
4,1,1
0.01738840,0.12159014,0.43391525,0.56035813,1.0,1.0
2,1
0.22629884,0.86875175,1.0
0,R51
4,2,0,0
3,1,1,1
0.03281322,0.22944976,0.81883077,1.0,1.0,1.0
2,1
0.22629884,0.86875175,1.0
0,R51
4,3,0,0
3,1,1,1
0.03281332,0.22944976,0.81883077,1.0,1.0,1.0
1,1,1
1.0,1.0,1.0
*8,15
2,1,0,0
1,R24,R24,1
C19
3,3
2.824431E+2,4.246874E+1,9.102204E+0,1.146494E+1,8.861834E-1,2.780659E-1
3
8.093693E+0,1.674014E+0,3.726591E-1
6.877755E-2,3.931957E-1,6.658253E-1,-8.185136E-2,5.980639E-1,4.813791E-1
1.232504E-1,4.755688E-1,6.150747E-1
*8,16
2,1,0,0
1,R33,R56,1
C45
5,2
2331.5695,350.63974,79.596537,22.11999,6.820629,1.07057,0.321511
3
8.142199,1.684711,0.374851
0.005337,0.039556,0.179020,0.455874,0.461988,0.415550,0.643169
0.122769,0.476711,0.614250
*8,16
2,1,0,0
0,R73,R73,1
4,3
819.40889,123.38598,27.62522,7.29598,10.58719,0.92731,0.28733
3
8.07753,1.67368,0.37310
0.01924,0.13313,0.45975,0.52834,-0.08306,0.56755,0.51559
0.12386,0.47627,0.61382
*8,16
2,1,0,0
0,R51,R51,4
5,2
2.4852908E+3,3.7377706E+2,8.4861693E+1,2.3553994E+1,7.2311925E+0,
1.5607872E+0,3.7366028E-1
3
7.2311925E+0,1.5607872E+0,3.7366028E-1
0.00499193,0.03740121,0.16876058,0.45401528,0.47373674,0.32462680,
0.74512548
0.13989770,0.47584829,0.59378258
0,R51
3,2,0,0
5,1,1
0.00499193,0.03740121,0.16876058,0.45401528,0.47373674,1.0,1.0
2,1
0.24966627,0.84921534,1.0
0,R51
4,2,0,0
4,1,1,1
0.00819091,0.06136905,0.27690749,0.74496209,1.0,1.0,1.0
2,1
0.24966627,0.84921534,1.0
0,R51
4,3,0,0
4,1,1,1
0.00819091,0.06136905,0.27690749,0.74496209,1.0,1.0,1.0
1,1,1
1.0,1.0,1.0
*8,18
5,3,0,0
2,R10,R10,1
C2,C15
5,1,1,1,1
6540.0,995.0,227.0,64.6,20.8,24.10,6.760,1.3570,0.5050
1,1,1
10.0,2.00,0.300
0.7600763,1.400529,2.292811,3.081730,2.998720,1.0,1.0,1.0,1.0
1.0,1.0,1.0
*8,18
5,3,0,0
2,R10,R10,1
C2,C15
5,1,1,1,1
6540.0,995.0,227.0,64.6,20.8,24.10,6.760,1.3570,0.5050
1,1,1
10.0,2.00,0.400
0.7600763,1.400529,2.292811,3.081730,2.998720,1.0,1.0,1.0,1.0
1.0,1.0,1.0
*8,18
2,1,0,0
0,R73,R73,1
3,3
281.86658,42.41600,9.09562,11.46603,0.88786,0.27880
4
17.74107,3.86540,1.04796,0.27578
0.06906,0.39316,0.66567,-0.08082,0.58209,0.49716
0.04279,0.22797,0.50883,0.46135
*8,19
2,1,0,0
0,R73,R73,1
4,3
821.83934,123.68182,27.66617,7.29957,10.60696,0.91764,0.28317
4
17.75037,3.86468,1.04772,0.27560
0.01917,0.13281,0.45946,0.52901,-0.08293,0.57659,0.50670
0.04281,0.22833,0.50884,0.46111
*8,20
2,1,0,0
2,R16,R16,1
C9,C-3
4,4
2.85922E+02,5.20372E+01,1.41794E+01,4.50173E+00,6.12662E+01,1.07435E+01,
8.25068E-01,2.54035E-01
4
8.60370E+00,1.98317E+00,5.66019E-01,1.71297E-01
6.48397E-02,2.83284E-01,5.36893E-01,2.65062E-01,-8.87477E-02,-0.255553,
6.54570E-01,4.42286E-01
1.15360E-01,3.83946E-01,5.08656E-01,2.46316E-01
*8,20
2,1,0,0
0,R51,R51,4
6,2
4.5310574E+3,6.8047642E+2,1.5430800E+2,4.2518257E+1,1.2663803E+1,
3.6105889E+0,1.0751200E+0,2.9134154E-1
4
1.2663803E+1,3.6105889E+0,1.0751200E+0,2.9134154E-1
0.00230007,0.01754052,0.08542794,0.28880720,0.54466920,0.22138666,
0.53906026,0.53262318
0.05842010,0.21162850,0.48788239,0.47633680
0,R51
3,2,0,0
6,1,1
0.00230007,0.01754052,0.08542794,0.28880720,0.54466920,0.22138666,
1.0,1.0
3,1
0.08730420,0.31626200,0.72910153,1.0
0,R51
4,2,0,0
4,2,1,1
0.00629681,0.04802001,0.23387278,0.79065633,0.74931804,0.30456838,
1.0,1.0
3,1
0.08730420,0.31626200,0.72910153,1.0
0,R51
4,3,0,0
4,2,1,1
0.00629681,0.04802001,0.23387278,0.79065633,0.74931804,0.30456838,
1.0,1.0
2,1,1
0.23135118,0.83807634,1.0,1.0
*8,20
2,1,0,0
1,R24,R24,1
C19
4,4
8.130415E+2,1.226090E+2,2.737847E+1,7.253830E+0,4.691855E+1,1.001681E+1,
9.249654E-1,2.851133E-1
4
1.768271E+1,3.849817E+0,1.043857E+0,2.746995E-1
1.938375E-2,1.342522E-1,4.621860E-1,5.247734E-1,-1.042172E-2,
-9.538896E-2,5.786946E-1,5.096893E-1
4.301817E-2,2.290162E-1,5.090129E-1,4.602311E-1
*8,23
2,2,0,0
3,R39,R39,1
C4,C19,C-18
5,3
2237.0,331.3,75.07,20.93,6.426,0.8802,0.7737,0.2431
4,1
35.18,7.904,2.305,0.7171,0.2137
0.0054504,0.0418480,0.1843539,0.4732970,0.4379310,0.1005934,0.5536075,
0.4017961
0.0195696,0.1243760,0.3945936,0.6273940,1.0
*8,24
3,2,0,0
0,R2,R26,5
6,1,2
7816.54,1175.82,273.188,81.1696,27.1836,3.41364,9.53223,0.93978,0.28461
4,1
35.1832,7.90403,2.30512,0.71706,0.21373
0.002031,0.015436,0.073771,0.247606,0.611832,0.241205,1.0,0.563459,
0.497338
0.019580,0.124189,0.394727,0.627375,1.0
0,R26
4,2,0,0
6,1,1,1
0.002031,0.015436,0.073771,0.247606,0.611832,0.241205,1.0,1.0,1.0
4,1
0.019580,0.124189,0.394727,0.627375,1.0
0,R26
4,3,0,0
6,1,1,1
0.002031,0.015436,0.073771,0.247606,0.611832,0.241205,1.0,1.0,1.0
3,1,1
0.040023,0.253849,0.806842,1.0,1.0
0,R26
5,3,0,0
4,2,1,1,1
0.006436,0.048924,0.233819,0.784798,0.803381,0.316720,1.0,1.0,1.0
3,1,1
0.040023,0.253849,0.806842,1.0,1.0
0,R71
4,2,0,0
5,2,1,1
0.002328,0.017696,0.084571,0.283858,0.701408,0.240562,0.791812,1.0,1.0
3,2
0.040023,0.253849,0.806841,0.652812,0.444286
*8,24
4,2,0,0
1,R33,R56,2
C45
5,2,1,1
10662.285,1599.7097,364.72526,103.65179,33.905805,12.287469,4.756803,
1.004271,0.300686
3,2
34.856463,7.843131,2.308269,0.723164,0.214882
0.001907,0.014678,0.074327,0.275762,0.719361,0.670007,0.366219,1.0,1.0
0.040858,0.256398,0.803598,0.649811,0.447992
0,R52
4,2,0,0
5,2,1,1
0.001891,0.014570,0.074020,0.275800,0.719550,0.668970,0.367310,1.0,1.0
4,1
0.019946,0.125170,0.392270,0.627730,1.0
*8,25
4,2,0,0
2,R11,R11,1
C-2,C-5
3,4,2,1
4643.44850,1424.06430,290.78500,76.23200,31.31660,12.86070,4.60370,
9.70440,0.93110,0.28250
4,1
35.18320,7.90403,2.30512,0.71706,0.21373
0.029225,0.121603,0.904785,0.152763,0.243991,0.458240,0.264438,
-0.140314,1.051534,1.0
0.019580,0.124190,0.394730,0.627380,1.0
*8,25
2,1,0,0
2,R16,R16,1
C9,C-3
5,5
5.93845E+02,1.08612E+02,3.00774E+01,1.00457E+01,3.58448E+00,2.10668E+02,
3.76735E+01,9.61691E+00,8.41034E-01,2.57507E-01
5
1.53729E+01,3.67859E+00,1.16832E+00,3.90764E-01,1.33154E-01
2.68610E-02,1.33355E-01,3.62886E-01,4.72670E-01,1.57018E-01,-0.0217075,
-1.00817E-01,-2.29962E-01,6.47762E-01,4.53310E-01
5.20661E-02,2.18233E-01,4.18188E-01,4.23442E-01,1.48285E-01
*8,25
2,1,0,0
1,R24,R24,1
C19
5,5
2.104034E+3,3.165679E+2,7.185795E+1,1.985250E+1,6.041781E+0,3.091170E+1,
8.424138E+0,1.180484E+0,4.795308E-1,1.895890E-1
5
3.441632E+1,7.741046E+0,2.277938E+0,7.147004E-1,2.136278E-1
6.008518E-3,4.468078E-2,1.968250E-1,4.897749E-1,4.092444E-1,
-1.593431E-2,-9.451388E-2,3.584750E-1,5.292388E-1,2.156312E-1
1.595186E-2,9.981647E-2,3.106153E-1,4.912530E-1,3.359744E-1
*8,25
7,5,0,0
2,R10,R10,1
C2,C15
4,1,1,1,1,1,1
7816.54,1175.82,273.188,81.1696,150.0,27.184,9.532,3.414,0.93980,0.28460
1,1,1,1,1
29.30,6.58,1.920,0.600,0.1830
0.7008216,1.290676,2.063705,2.792530,1.0,1.0,1.0,1.0,1.0,1.0
1.0,1.0,1.0,1.0,1.0
*8,29
5,3,0,0
0,R2,R32,2
6,2,1,1,1
18045.3,2660.12,585.663,160.920,51.1637,17.8966,17.8966,6.63901,
2.07658,0.77360,0.25576
4,1,1
49.8279,11.4887,3.60924,1.32052,0.48209,0.16509
0.000757,0.006066,0.032782,0.132609,0.396839,0.542572,0.262490,0.769828,
1.0,1.0,1.0
0.016358,0.106453,0.349302,0.657183,1.0,1.0
0,R32
5,4,0,0
6,2,1,1,1
0.000757,0.006066,0.032782,0.132609,0.396839,0.542572,0.262490,0.769828,
1.0,1.0,1.0
3,1,1,1
0.037778,0.245844,0.806685,1.0,1.0,1.0
*8,29
4,2,0,0
0,R22,R22,1
3,3,2,3
0.30263290E+5,0.45798948E+4,0.10357469E+4,0.28697422E+3,0.90841980E+2,
0.31204775E+2,0.11275377E+2,0.41553081E+1,0.11582476E+1,0.44384122E+0,
0.17574695E+0
3,3
0.47496772E+2,0.11560389E+2,0.36390415E+1,0.12575284E+1,0.42492638E+0,
0.14298659E+0
0.21779243E-1,0.16433429E+0,0.87413960E+0,0.83742173E-1,0.28134571E+0,
0.70608492E+0,0.71723814E+0,0.31977414E+0,0.38321043E+0,0.51541349E+0,
0.17096753E+0
0.39786718E-1,0.23426703E+0,0.81479818E+0,0.45176288E+0,0.50018644E+0,
0.19674463E+0
*8,32
5,3,0,0
3,R13,R13,2
C2,C5,C8
5,3,1,1,1
18045.3,2660.12,585.663,160.920,51.1637,17.8966,6.63901,2.09625,
0.842082,0.307280,0.132539
4,1,2
49.8279,11.4887,3.60924,1.31104,0.502347,0.195677,0.072412
0.00041,0.00333,0.01800,0.07286,0.21796,0.42426,0.36745,0.05629,1.0,1.0,
1.0
0.00894,0.05768,0.19213,0.35535,1.0,0.22918,0.02925
3,R13
C2,C5,C8
5,3,0,0
6,1,1,2,1
0.00041,0.00333,0.01800,0.07286,0.21796,0.42426,1.0,1.0,0.54881,0.45224,
1.0
4,1,2
0.00894,0.05768,0.19213,0.35535,1.0,0.22918,0.02925
*8,32
4,2,0,0
1,R33,R56,1
C45
6,2,2,1
31195.6,4669.38,1062.62,301.426,98.5153,35.4609,13.6179,5.38618,
1.53873,0.605500,0.220540
5,2
114.863,26.8767,8.32077,2.97237,1.12848,0.423600,0.150740
0.000541,0.004171,0.021903,0.087284,0.287082,0.685555,0.621352,
0.415209,0.248228,0.779586,1.0
0.003804,0.028816,0.126398,0.357080,0.622162,0.728323,0.336671
*8,34
4,2,0,0
1,R15,R15,1
C6
4,4,3,2
30518.035,4547.8916,1044.4654,284.96896,91.606655,30.986724,11.579711,
4.4835041,8.7266833,1.1646190,0.50640464,0.24817481,0.12280187
4,3
78.6030,17.5167,5.54421,2.05152,0.794239,0.305583,0.112384
0.00596971,0.03377690,0.21239072,0.81642901,0.12837000,0.31878733,
0.44575201,0.22882639,-0.10592444,0.48187350,0.58931175,0.85204459,
0.15971827
0.01164590,0.08317463,0.30401735,0.71187222,0.52044716,0.45886016,
0.13213193
*8,37
5,3,0,0
1,R33,R56,2
C45
7,3,1,1,1
105374.95,15679.240,3534.5447,987.36516,315.97875,111.65428,42.699451,
17.395596,7.438309,3.222862,1.253877,0.495155,0.191665
5,2,1
200.000,46.533367,14.621809,5.313064,2.1025250,0.850223,0.337597,
0.128892
0.000143,0.001123,0.005980,0.025562,0.092590,0.281749,0.677164,
0.484642,0.443309,0.127239,1.0,1.0,1.0
0.002393,0.019725,0.093455,0.308471,0.686637,0.553329,0.508675,1.0
0,R92
7,4,0,0
6,2,1,1,1,1,1
0.000046,0.000361,0.001920,0.008206,0.029725,0.090452,0.217402,0.368720,
1.0,1.0,1.0,1.0,1.0
4,2,1,1
0.000892,0.007351,0.034863,0.114877,0.255983,0.374236,1.0,1.0
*8,15
1,-2,0,0
2,R75,R75,1
C19,C50
3
3.22037D+02,4.84308D+01,1.04206D+01
2,1
7.40294D+00,1.57620D+00,3.73684D-01
5.92394D-02,3.51500D-01,7.07658D-01
-4.04453D-01,1.22156D+00,1.00000D+00
2.44586D-01,8.53955D-01,1.00000D+00
*8,16
1,-2,0,0
2,R77,R77,1
C19,C50
4
9.38318D+02,1.41662D+02,3.18308D+01,8.51101D+00
2,1
7.40294D+00,1.57620D+00,3.73684D-01
1.62714D-02,1.14340D-01,4.16787D-01,5.83808D-01
-4.04453D-01,1.22156D+00,1.00000D+00
2.44586D-01,8.53955D-01,1.00000D+00
*8,16
1,-2,0,0
3,R65,R65,1
C19,C50,C-31
4
8.832729D+02,1.331293D+02,2.990641D+01,7.978677D+00
2,1
7.35700D+00,1.54600D+00,3.61700D-01
1.75506D-02,1.22829D-01,4.34884D-01,5.60011D-01
1.00000D+00,-2.98600D+00,1.00000D+00
1.00000D+00,3.43400D+00,1.00000D+00
*8,18
1,-2,0,0
1,R75,R75,1
C19
6
5.47227D+03,8.17806D+02,1.86446D+02,5.30230D+01,1.71800D+01,
5.91196D+00
2,1
7.40294D+00,1.57620D+00,3.73684D-01
1.83217D-03,1.41047D-02,6.86262D-02,2.29376D-01,4.66399D-01,
3.64173D-01
-4.04453D-01,1.22156D+00,1.00000D+00
2.44586D-01,8.53955D-01,1.00000D+00
*8,20
1,-2,0,0
1,R31,R31,1
C19
4
8.832729D+02,1.331293D+02,2.990641D+01,7.978677D+00
3,1
1.652326D+01,3.856837D+00,1.092729D+00,2.955850D-01
1.755063D-02,1.228292D-01,4.348836D-01,5.600108D-01
-1.134010D-01,-1.772865D-01,1.150408D+00,1.000000D+00
6.854527D-02,3.312254D-01,7.346079D-01,1.000000D+00
*8,21
1,-2,0,0
1,R35,R35,1
C19
5
2.296705D+03,3.454369D+02,7.840108D+01,2.181042D+01,6.721723D+00
3,1
1.591092D+01,3.695813D+00,1.043638D+00,2.838736D-01
5.402591D-03,4.033912D-02,1.805909D-01,4.643774D-01,4.511586D-01
-1.118075D-01,-1.519256D-01,1.133714D+00,1.000000D+00
7.079811D-02,3.386959D-01,7.277199D-01,1.000000D+00
*8,22
1,-2,0,0
1,R35,R35,1
C19
6
5.484672D+03,8.252349D+02,1.880470D+02,5.296450D+01,1.689757D+01,
5.799635D+00
3,1
1.585513D+01,3.673027D+00,1.034345D+00,2.811389D-01
1.831074D-03,1.395017D-02,6.844508D-02,2.327143D-01,4.701929D-01,
3.585209D-01
-1.107775D-01,-1.480263D-01,1.130767D+00,1.000000D+00
7.087427D-02,3.397528D-01,7.271586D-01,1.000000D+00
*8,26
1,-3,0,0
2,R67,R67,1
C19,C51
6
8.58850D+03,1.29723D+03,2.99296D+02,8.73771D+01,2.56789D+01,
3.74004D+00
3,1,1
4.21175D+01,9.62837D+00,2.85332D+00,9.05661D-01,2.55611D-01
1.89515D-03,1.43859D-02,7.07320D-02,2.40001D-01,5.94797D-01,
2.80802D-01
1.13889D-01,9.20811D-01,-3.27447D-03,1.00000D+00,1.00000D+00
3.65114D-02,2.37153D-01,8.19702D-01,1.00000D+00,1.00000D+00
*8,10
1,-1,0,0
1,R24,R24,1
C19
2
8.386993E+1,1.228273E+1
2
3.194226E+0,5.526740E-1
2.622575E-1,8.324877E-1
5.664311E-3,9.966066E-1
3.470050E-1,8.023262E-1
*8,15
1,-1,0,0
1,R24,R24,1
C19
3
2.796271E+2,4.202916E+1,9.052787E+0
3
7.652621E+0,1.619163E+0,3.827091E-1
6.941046E-2,3.962640E-1,6.622110E-1
-1.117596E-1,3.211956E-1,7.914684E-1
1.318187E-1,4.710119E-1,6.054923E-1
*8,20
1,-1,0,0
1,R24,R24,1
C19
4
8.162436E+2,1.230449E+2,2.763183E+1,7.327384E+0
4
1.496339E+1,3.498837E+0,9.967102E-1,2.757914E-1
1.925310E-2,1.336015E-1,4.574244E-1,5.298755E-1
-6.343957E-2,-6.349163E-2,6.002459E-1,5.231617E-1
5.230954E-2,2.411618E-1,4.956271E-1,4.495582E-1
*8,25
1,-1,0,0
1,R24,R24,1
C19
5
2.103633E+3,3.164701E+2,7.184040E+1,1.981765E+1,6.023608E+0
5
3.260035E+1,7.523394E+0,2.235212E+0,7.131792E-1,2.194564E-1
6.011702E-3,4.471285E-2,1.968243E-1,4.911408E-1,4.079325E-1
-1.757950E-2,-1.133416E-1,1.105251E-1,6.629696E-1,3.507522E-1
1.703002E-2,1.023229E-1,3.124862E-1,4.801244E-1,3.395969E-1
*8,30
1,-1,0,0
1,R24,R24,1
C19
6
4.974284E+3,7.471157E+2,1.699676E+2,4.772500E+1,1.519641E+1,5.138837E+0
6
6.091908E+1,1.442993E+1,4.548575E+0,1.571215E+0,5.431318E-1,1.813283E-1
2.066493E-3,1.577138E-2,7.690691E-2,2.551914E-1,4.881327E-1,3.116110E-1
-4.863690E-3,-5.600062E-2,-9.391438E-2,2.807970E-1,6.359805E-1,
2.297043E-1
6.415253E-3,4.139720E-2,1.547385E-1,3.534578E-1,4.471526E-1,2.544630E-1
*8,24
3,2,0,0
0,R2,R98,1
7,2,1
7816.54,1175.82,273.188,81.1696,27.1836,9.53223,3.41364,9.53223,
0.93978,0.28461
4,1
35.1832,7.90403,2.30512,0.71706,0.21373
0.001176,0.008968,0.042868,0.143930,0.355630,0.461248,0.140206,
-0.154153,1.056914,1.0
0.019580,0.124200,0.394714,0.627376,1.0
                                                                FLUORINE
*9,5
1,1,0,0
1,R17,0,0
C37
2
22.24,0.7956
1
0.9862
*9,6
1,1,0,0
1,R17,0,0
C37
3
108.6,15.94,0.8149
1
0.9862
*9,10
1,1,0,0
1,R17,0,0
C37
4
368.6,55.50,12.01,0.7878
2
4.190,0.7106
*9,10
1,1,0,0
0,R44,0,0
4
3.6558550E+2,5.5022818E+1,1.1896329E+1,7.5622083E-1
2
4.1638530E+0,7.0743826E-1
*9,10
1,1,0,0
0,R33,0,0
4
365.993159,55.068569,11.901915,0.755976
2
4.175660,0.709610
*9,11
1,1,0,0
1,R17,0,0
C37
5
948.5,144.9,33.46,9.261,0.7528
2
4.190,0.7106
*9,11
1,1,0,0
0,R33,0,0
5
1049.4147,158.33349,35.661281,9.615831,0.753662
2
4.175663,0.709609
*9,12
1,1,0,0
0,R33,0,0
6
1152.220,173.5640,38.96060,10.44770,1.506680,0.453740
2
4.175660,0.709610
*9,14
1,1,0,0
0,R33,0,0
5
1049.410,158.3330,35.66130,9.615830,0.753660
3
10.55980,2.192980,0.478820
*9,15
1,1,0,0
1,R17,0,0
C37
6
1820.0,281.6,67.14,19.56,6.628,0.7330
3
10.53,2.188,0.4785
*9,15
1,1,0,0
0,R44,0,0
6
2.2406920E+3,3.3765597E+2,7.7069083E+1,2.1916404E+1,7.1967562E+0,
7.3740976E-1
3
1.0552905E+1,2.1943963E+0,4.8124974E-1
*9,15
1,1,0,0
0,R49,0,0
6
1.1485002E+3,1.7310703E+2,3.8895710E+1,1.0438692E+1,1.5015093E+0,
4.5205622E-1
3
1.0551904E+1,2.1920395E+0,4.7878774E-1
*9,15
1,1,0,0
0,R33,0,0
6
1152.2170,173.56408,38.960593,10.447704,1.506684,0.453735
3
10.55980,2.192980,0.478820
*9,15
1,1,0,0
1,R85,0,0
C30
6
1.1344098E+3,1.7096649E+2,3.8403035E+1,1.0298015E+1,1.3996033E+0,
3.8788043E-1
3
8.9931918E+0,1.8256279E+0,3.5582464E-1
*9,15
1,1,0,0
1,R85,0,0
C31
6
1.1673597E+3,1.7590835E+2,3.9523420E+1,1.0616839E+1,1.6191293E+0,
5.2667493E-1
3
1.2161899E+1,2.5717904E+0,6.1343425E-1
*9,15
1,1,0,0
1,R85,0,0
C32
6
1.1873963E+3,1.7894782E+2,4.0227859E+1,1.0825056E+1,1.7557259E+0,
6.1045352E-1
3
1.3914316E+1,2.9838120E+0,7.6805484E-1
*9,15
1,1,0,0
1,R85,0,0
C33
6
1.2129784E+3,1.8279815E+2,4.1109217E+1,1.1085584E+1,1.9195030E+0,
7.0508011E-1
3
1.5410806E+1,3.3464486E+0,9.0138766E-1
*9,15
1,1,0,0
1,R85,0,0
C34
6
1.2433872E+3,1.8737682E+2,4.2158895E+1,1.1398020E+1,2.1173669E+0,
8.0945205E-1
3
1.6942475E+1,3.7217768E+0,1.0419109E+0
*9,15
1,1,0,0
1,R85,0,0
C31
6
2.4118998E+3,3.6327129E+2,8.2871669E+1,2.3500158E+1,7.6120640E+0,
7.9793073E-1
3
1.2192660E+1,2.5821025E+0,6.1787191E-1
*9,15
1,1,0,0
1,R85,0,0
C32
6
2.5154441E+3,3.7891119E+2,8.6452911E+1,2.4479616E+1,7.8784137E+0,
8.6931303E-1
3
1.3960899E+1,2.9984538E+0,7.7342720E-1
*9,15
1,1,0,0
1,R85,0,0
C33
6
2.6066911E+3,3.9255796E+2,8.9547799E+1,2.5329235E+1,8.1284374E+0,
9.5382673E-1
3
1.5458006E+1,3.3615032E+0,9.0676343E-1
*9,15
1,1,0,0
1,R85,0,0
C34
6
2.6851045E+3,4.0437884E+2,9.2249983E+1,2.6084860E+1,8.3684223E+0,
1.0456623E+0
3
1.6987077E+1,3.7364551E+0,1.0470934E+0
*9,15
1,-1,0,0
1,R85,0,0
C30
3
1.0449815E+3,1.5757130E+2,3.5459269E+1
3
9.6667111E+0,1.9300170E+0,3.9458586E-1
*9,15
1,-1,0,0
1,R85,0,0
C31
3
1.2607043E+3,1.8999915E+2,4.2769021E+1
3
1.1555136E+1,2.5153465E+0,6.2244482E-1
*9,15
1,-1,0,0
1,R85,0,0
C32
3
1.3381866E+3,2.0160825E+2,4.5372330E+1
3
1.2233388E+1,2.7571072E+0,7.3798369E-1
*9,15
1,-1,0,0
1,R85,0,0
C33
3
1.3816678E+3,2.0816996E+2,4.6871426E+1
3
1.2652070E+1,2.9566704E+0,8.3799089E-1
*9,15
1,-1,0,0
1,R85,0,0
C34
3
1.3973969E+3,2.1054639E+2,4.7438082E+1
3
1.2855044E+1,3.1163626E+0,9.3268022E-1
*9,16
1,1,0,0
1,R17,0,0
C37
7
2723.0,416.4,97.73,27.87,8.712,1.396,0.4209
3
10.53,2.188,0.4785
*9,16
1,1,0,0
0,R28,0,0
7
3373.81,495.323,110.303,29.9871,9.05545,1.40327,0.419736
3
10.3347,2.15444,0.472793
*9,17
1,1,0,0
0,R33,0,0
8
7213.140,1082.680,246.2360,69.40230,22.22180,7.608850,1.35700,0.401210
3
10.55980,2.192980,0.478820
*9,19
1,1,0,0
0,R33,0,0
7
2967.440,446.3350,101.3940,28.23360,8.731840,1.401690,0.416740
4
22.74760,4.993480,1.351190,0.348120
*9,20
1,1,0,0
1,R17,0,0
C37
8
6431.0,939.8,208.2,57.40,18.35,6.380,1.465,0.4269
4
31.21,6.509,1.696,0.4092
*9,20
1,1,0,0
0,R44,0,0
8
7.1008906E+3,1.0665841E+3,2.4273169E+2,6.8463621E+1,2.1971410E+1,
7.5553437E+0,1.3540571E+0,4.0017311E-1
4
2.2661763E+1,4.9758757E+0,1.3467267E+0,3.4718356E-1
*9,20
1,1,0,0
0,R33,0,0
8
7213.1380,1082.6764,246.23630,69.402273,22.221846,7.608848,1.356999,
0.401207
4
22.747628,4.993482,1.351188,0.348122
*9,21
1,1,0,0
0,R33,0,0
9
13521.50,2028.690,462.3740,131.3740,42.97450,15.57140,6.032230,1.307220,
0.388870
4
22.74760,4.993480,1.351190,0.348120
*9,25
1,1,0,0
0,R44,0,0
10
2.0269758E+4,3.0234805E+3,6.8404287E+2,1.9255886E+2,6.2214408E+1,
2.1976550E+1,8.1543176E+0,2.4040255E+0,9.2609781E-1,3.1365757E-1
5
4.3949802E+1,9.9471115E+0,2.9378654E+0,9.1565769E-1,2.6770863E-1
*9,25
1,1,0,0
0,R33,0,0
10
22451.90,3366.140,767.4340,217.3640,70.04840,24.43490,8.964970,
2.933750,1.039890,0.333180
5
44.14730,9.993430,2.953250,0.918600,0.266820
*9,28
1,1,0,0
0,R33,0,0
10
22451.911,3366.1439,767.4340,217.36371,70.048413,24.434934,8.964972,
2.933753,1.039890,0.333183
6
81.84960,18.93480,5.771650,1.976580,0.678730,0.219430
*9,29
1,1,0,0
0,R33,0,0
11
39319.330,5882.8553,1338.0365,379.57936,124.17757,44.767419,17.235234,
6.838301,1.985517,0.773155,0.280332
6
81.849627,18.934810,5.771647,1.976580,0.678728,0.219427
*9,30
1,1,0,0
0,R42,0,0
12
81645.635,12312.879,2820.1542,801.33232,262.33049,94.617342,36.586998,
14.916360,6.2222348,1.9008742,0.73719945,0.27040583
6
74.209723,17.351904,5.3543977,1.8503740,0.64005229,0.20953989
*9,30
1,1,0,0
0,R33,0,0
12
61799.20,9235.450,2095.830,592.710,193.6060,70.21210,27.58160,11.55320,
5.018040,1.742780,0.676470,0.255390
6
81.84960,18.93480,5.771650,1.976580,0.678730,0.219430
*9,32
1,1,0,0
1,R15,0,0
C56
11
37736.000,5867.0791,1332.4679,369.85866,117.12969,40.302862,14.898010,
5.8777359,1.6267606,0.61072400,0.23341150
7
102.40802,23.794387,7.4954590,2.7638713,1.0990575,0.45135409,0.17213936
*9,33
1,1,0,0
0,R33,0,0
12
61799.177,9235.4545,2095.8315,592.70960,193.60558,70.212055,27.581577,
11.553220,5.018043,1.742776,0.676471,0.255385
7
136.52109,32.073403,10.018277,3.600215,1.359500,0.505551,0.178860
*9,34
1,1,0,0
0,R33,0,0
13
103109.0,15281.0,3441.540,967.0950,314.0350,113.4420,44.64470,18.94290,
8.532740,3.91940,1.568160,0.623290,0.240860
7
136.5210,32.07340,10.01830,3.600215,1.359510,0.505550,0.178860
*9,5
1,0,0,0
1,R10,R10,1
C2,C35
5
8270.0,1260.0,387.0,81.7,26.3
0.9102674,1.680703,2.751906,3.705888,3.604322
*9,5
1,0,0,0
1,R10,R10,1
C2,C35
5
9994.79,1506.03,350.269,104.053,34.8432
0.8354929,1.536947,2.461343,3.343157,3.659585
*9,10
2,1,0,0
2,R16,R16,1
C9,C-3
2,2
6.23206E+01,1.06840E+01,2.44865E+01,6.48573E-01
2
2.70714E+00,4.54031E-01
4.45152E-01,6.69147E-01,-2.80568E-01,1.01124E+00
5.50723E-01,6.38060E-01
*9,10
2,1,0,0
1,R24,R24,1
C19
2,2
1.069555E+2,1.572906E+1,1.012207E+0,3.248267E-1
2
4.117613E+0,7.004697E-1
2.614652E-1,8.327857E-1,6.693948E-1,3.818536E-1
3.573589E-1,7.966763E-1
*9,15
2,1,0,0
2,R16,R16,1
C9,C-3
3,3
1.59519E+02,2.86436E+01,7.45507E+00,2.06749E+01,9.59828E-01,2.96800E-01
3
5.74104E+00,1.21789E+00,2.91822E-01
1.68066E+01,5.48963E-01,4.24739E-01,-3.04865E-01,7.08218E-01,3.69033E-01
2.67160E-01,5.76108E-01,4.00331E-01
*9,15
2,1,0,0
0,R68,R68,1
3,3
3.49669E+2,5.30514E+1,1.15218E+1,1.25935E+1,1.44274E+0,4.46441E-1
3
1.02971E+1,2.14974E+0,4.72432E-1
7.03061E-2,3.94178E-1,6.54052E-1,-8.82699E-2,4.42451E-1,6.66396E-1
1.29985E-1,4.81018E-1,6.07978E-1
*9,15
2,1,0,0
0,R73,R73,1
3,3
368.37112,55.06106,11.74767,15.15184,1.15137,0.35811
3
10.57707,2.19498,0.47937
0.06704,0.38925,0.67079,-0.08055,0.58773,0.49198
0.12627,0.47795,0.61401
*9,15
2,1,0,0
0,R51,R51,4
4,2
1.1622727E+3,1.7521557E+2,3.9443650E+1,1.0699126E+1,2.2356404E+0,
5.0747169E-1
3
1.0699126E+1,2.2356404E+0,5.0747169E-1
0.01728362,0.12107092,0.43376920,0.56061627,0.27479939,0.79165703
0.12547200,0.46640200,0.61965900
0,R51
3,2,0,0
4,1,1
0.01728362,0.12107092,0.43376920,0.56061627,1.0,1.0
2,1
0.23240412,0.86388793,1.0
0,R51
4,2,0,0
3,1,1,1
0.03265004,0.22871195,0.81942217,1.0,1.0,1.0
2,1
0.23240412,0.86388793,1.0
0,R51
4,3,0,0
3,1,1,1
0.03265004,0.22871195,0.81942217,1.0,1.0,1.0
1,1,1
1.0,1.0,1.0
*9,15
2,1,0,0
1,R24,R24,1
C19
3,3
3.600420E+2,5.418639E+1,1.164656E+1,1.499656E+1,1.160913E+0,3.611721E-1
3
1.050044E+1,2.179919E+0,4.761736E-1
6.853762E-2,3.930858E-1,6.657464E-1,-8.182856E-2,5.968600E-1,4.833816E-1
1.271087E-1,4.788136E-1,6.127027E-1
*9,16
2,1,0,0
1,R33,R56,1
C45
5,2
2967.4395,446.33468,101.39359,28.233599,8.731837,1.401691,0.416741
3
10.559831,2.192976,0.478821
0.005325,0.039457,0.178910,0.455875,0.461703,0.418480,0.641268
0.126564,0.479612,0.612237
*9,16
2,1,0,0
0,R73,R73,1
4,3
1043.07203,157.11479,35.24041,9.33063,13.81518,1.21569,0.37333
3
10.55923,2.19220,0.47863
0.01919,0.13292,0.46004,0.52785,-0.08294,0.56613,0.51786
0.12660,0.47840,0.61343
*9,16
2,1,0,0
0,R51,R51,4
5,2
3.2613686E+3,4.9044689E+2,1.1136376E+2,3.0920903E+1,9.4687627E+0,
2.0489457E+0,4.7895342E-1
3
9.4687627E+0,2.0489457E+0,4.7895342E-1
0.00480445,0.03606299,0.16381139,0.44869310,0.48415892,0.32882403,
0.74340262
0.14252399,0.47735377,0.59438007
0,R51
3,2,0,0
5,1,1
0.00480445,0.03606299,0.16381139,0.44869310,0.48415892,1.0,1.0
2,1
0.25282220,0.84677414,1.0
0,R51
4,2,0,0
4,1,1,1
0.00801750,0.06018072,0.27336300,0.74876412,1.0,1.0,1.0
2,1
0.25282220,0.84677414,1.0
0,R51
4,3,0,0
4,1,1,1
0.00801750,0.06018072,0.27336300,0.74876412,1.0,1.0,1.0
1,1,1
1.0,1.0,1.0
*9,18
2,1,0,0
0,R73,R73,1
3,3
368.37112,55.06106,11.74767,15.15184,1.15137,0.35811
4
22.75387,4.99353,1.34957,0.34770
0.06703,0.38909,0.67094,-0.08067,0.58824,0.49149
0.04458,0.23483,0.50873,0.45885
*9,19
2,1,0,0
0,R73,R73,1
4,3
1044.02406,157.21281,35.24628,9.32771,13.83395,1.20268,0.36776
4
22.74336,4.99043,1.34908,0.34749
0.01916,0.13282,0.45997,0.52807,-0.08284,0.57583,0.50835
0.04466,0.23521,0.50864,0.45864
*9,20
2,1,0,0
2,R16,R16,1
C9,C-3
4,4
3.61732E+02,6.58711E+01,1.79672E+01,5.70045E+00,7.94445E+01,1.39876E+01,
1.06998E+00,3.26013E-01
4
1.09077E+01,2.51568E+00,7.08224E-01,2.08634E-01
6.51740E-02,2.85068E-01,5.38596E-01,2.60961E-01,-8.89846E-02,-0.259236,
6.60324E-01,4.37179E-01
1.22511E-01,3.95071E-01,5.03731E-01,2.40404E-01
*9,20
2,1,0,0
0,R51,R51,4
6,2
5.9494099E+3,8.9435691E+2,2.0284776E+2,5.5739272E+1,1.6456766E+1,
4.6013855E+0,1.3638590E+0,3.6372193E-1
4
1.6456766E+1,4.6013855E+0,1.3638590E+0,3.6372193E-1
0.00220400,0.01680280,0.08223380,0.28333067,0.54982563,0.22605455,
0.56004286,0.51306210
0.06087630,0.22305850,0.48843289,0.46854909
0,R51
3,2,0,0
6,1,1
0.00220400,0.01680280,0.08223380,0.28333067,0.54982563,0.22605455,
1.0,1.0
3,1
0.08956035,0.32816051,0.71857557,1.0
0,R51
4,2,0,0
4,2,1,1
0.00617821,0.04710125,0.23051609,0.79422669,0.74809385,0.30757027,
1.0,1.0
3,1
0.08956035,0.32816051,0.71857557,1.0
0,R51
4,3,0,0
4,2,1,1
0.00617821,0.04710125,0.23051609,0.79422669,0.74809385,0.30757027,
1.0,1.0
2,1,1
0.22955833,0.84113090,1.0,1.0
*9,20
2,1,0,0
1,R24,R24,1
C19
4,4
1.037534E+3,1.564542E+2,3.497088E+1,9.282866E+0,6.076760E+1,1.306672E+1,
1.209514E+0,3.694688E-1
4
2.266343E+1,4.973936E+0,1.344952E+0,3.465366E-1
1.927719E-2,1.337938E-1,4.623238E-1,5.247396E-1,-1.059666E-2,
-9.563705E-2,5.795819E-1,5.097516E-1
4.484988E-2,2.357679E-1,5.087200E-1,4.579636E-1
*9,24
3,2,0,0
0,R2,R26,5
6,1,2
9994.79,1506.03,350.269,104.053,34.8432,4.36885,12.2164,1.20775,0.36340
4,1
44.3555,10.0820,2.99586,0.93826,0.27329
0.002017,0.015295,0.073110,0.246420,0.612593,0.242489,1.0,0.572817,
0.488416
0.020868,0.130092,0.396219,0.620368,1.0
0,R26
4,2,0,0
6,1,1,1
0.002017,0.015295,0.073110,0.246420,0.612593,0.242489,1.0,1.0,1.0
4,1
0.020868,0.130092,0.396219,0.620368,1.0
0,R26
4,3,0,0
6,1,1,1
0.002017,0.015295,0.073110,0.246420,0.612593,0.242489,1.0,1.0,1.0
3,1,1
0.042011,0.261899,0.797662,1.0,1.0
0,R26
5,3,0,0
4,2,1,1,1
0.006431,0.048757,0.233065,0.785549,0.802728,0.317752,1.0,1.0,1.0
3,1,1
0.042011,0.261899,0.797662,1.0,1.0
0,R71
4,2,0,0
5,2,1,1
0.002315,0.017550,0.083893,0.282762,0.702937,0.240848,0.791631,1.0,1.0
3,2
0.042011,0.261899,0.797663,0.644783,0.456370
*9,24
4,2,0,0
1,R33,R56,1
C45
5,2,1,1
13521.523,2028.6916,462.37392,131.37366,42.974531,15.571440,6.032232,
1.307215,0.388869
3,2
44.147303,9.993426,2.953246,0.918597,0.266824
0.001899,0.014618,0.074097,0.275292,0.719964,0.674353,0.361606,1.0,1.0
0.041786,0.261910,0.798322,0.652830,0.448073
*9,25
2,1,0,0
2,R16,R16,1
C9,C-3
5,5
7.49825E+02,1.37167E+02,3.80112E+01,1.27013E+01,4.50792E+00,2.75877E+02,
4.93457E+01,1.25772E+01,1.08977E+00,3.30382E-01
5
1.93611E+01,4.65242E+00,1.47106E+00,4.84875E-01,1.60718E-01
2.70528E-02,1.34434E-01,3.65615E-01,4.72961E-01,1.52466E-01,
-2.13735E-02,-1.00729E-01,-2.34137E-01,6.53855E-01,4.47713E-01
5.58045E-02,2.29421E-01,4.22766E-01,4.15196E-01,1.44832E-01
*9,25
2,1,0,0
1,R24,R24,1
C19
5,5
2.680829E+3,4.032891E+2,9.156451E+1,2.533452E+1,7.721834E+0,3.978542E+1,
1.093554E+1,1.556231E+0,6.298499E-1,2.454083E-1
5
4.387073E+1,9.923604E+0,2.929595E+0,9.126815E-1,2.669034E-1
5.984398E-3,4.454388E-2,1.966839E-1,4.903453E-1,4.085528E-1,
-1.628430E-2,-9.457739E-2,3.544462E-1,5.314300E-1,2.189360E-1
1.666684E-2,1.044586E-1,3.172419E-1,4.875688E-1,3.344735E-1
*9,29
5,3,0,0
0,R2,R32,2
6,2,1,1,1
23342.2,3431.25,757.667,209.192,66.7261,23.3705,23.3705,8.62372,
2.69163,1.00875,0.33115
4,1,1
65.6593,15.2187,4.78819,1.73193,0.62064,0.20699
0.000757,0.006081,0.032636,0.131704,0.396240,0.543672,0.264893,0.767925,
1.0,1.0,1.0
0.016037,0.105697,0.350227,0.658195,1.0,1.0
0,R32
5,4,0,0
6,2,1,1,1
0.000757,0.006081,0.032636,0.131704,0.396240,0.543672,0.264893,0.767925,
1.0,1.0,1.0
3,1,1,1
0.037012,0.243943,0.808302,1.0,1.0,1.0
*9,29
4,2,0,0
0,R22,R22,1
3,3,2,3
0.37736000E+5,0.58670791E+4,0.13324679E+4,0.36985866E+3,0.11712969E+3,
0.40302862E+2,0.14549729E+2,0.53294962E+1,0.15231703E+1,0.57412199E+0,
0.21985211E+0
3,3
0.62587522E+2,0.15334050E+2,0.48236707E+1,0.16534290E+1,0.54947833E+0,
0.17927672E+0
0.22149173E-1,0.16410524E+0,0.87388556E+0,0.83220770E-1,0.28070734E+0,
0.70688540E+0,0.71674378E+0,0.32074394E+0,0.38290886E+0,0.52468242E+0,
0.16348997E+0
0.38983509E-1,0.23293709E+0,0.81614843E+0,0.45305678E+0,0.49767920E+0,
0.20487312E+0
*9,32
5,3,0,0
3,R13,R13,2
C2,C5,C8
5,3,1,1,1
23342.2,3431.25,757.667,209.192,66.7261,23.3705,8.62372,2.70001,1.08750,
0.396536,0.172324
4,1,2
65.6593,15.2187,4.78819,1.72755,0.648123,0.244965,0.091537
0.00040,0.00327,0.01754,0.07082,0.21290,0.42213,0.37480,0.05866,1.0,1.0,
1.0
0.00882,0.05778,0.19341,0.35671,1.0,0.22990,0.03143
3,R13
C2,C5,C8
5,3,0,0
6,1,1,2,1
0.00040,0.00327,0.01754,0.07082,0.21290,0.42213,1.0,1.0,0.55115,0.44502,
1.0
4,1,2
0.00882,0.05778,0.19341,0.35671,1.0,0.22990,0.03143
*9,32
4,2,0,0
1,R33,R56,1
C45
6,2,2,1
39319.3,5882.86,1338.04,379.579,124.178,44.7674,17.2352,6.83830,
1.98552,0.773160,0.280330
5,2
136.521,32.0734,10.0183,3.60021,1.35951,0.505550,0.178860
0.000542,0.004179,0.021950,0.087439,0.287161,0.685203,0.624818,
0.411395,0.263811,0.765785,1.0
0.004220,0.031615,0.135861,0.367371,0.605033,0.737168,0.327403
*9,34
4,2,0,0
1,R15,R15,1
C6
4,4,3,2
26923.4,3428.22,745.107,203.344,63.5067,22.4373,8.63279,3.22857,
10.473688,1.6207397,0.70588463,0.33187308,0.15353852
4,3
101.240,24.4512,7.76131,2.77672,1.03703,0.385520,0.136844
0.00420568,0.03781164,0.19785567,0.82782317,0.23514007,0.43711627,
0.36917806,0.06485356,-0.10205764,0.44611175,0.62641995,0.85900674,
0.15458379
0.01107586,0.07521217,0.29432156,0.72856355,0.52821036,0.45678189,
0.13348833
*9,37
5,3,0,0
1,R33,R56,2
C45
7,3,1,1,1
103109.46,15281.007,3441.5392,967.09483,314.03534,113.44230,44.644727,
18.942874,8.532743,3.919401,1.568157,0.623290,0.240861
5,2,1
245.33029,56.919005,17.604568,6.274995,2.447030,0.995060,0.403973,
0.154810
0.000168,0.001324,0.007024,0.029491,0.102948,0.295606,0.650900,
0.523021,0.413381,0.111084,1.0,1.0,1.0
0.002374,0.019893,0.097812,0.323951,0.671757,0.565448,0.493630,1.0
0,R92
7,4,0,0
6,2,1,1,1,1,1
0.000064,0.000503,0.002668,0.011200,0.039097,0.112263,0.247199,0.368004,
1.0,1.0,1.0,1.0,1.0
4,2,1,1
0.000985,0.008257,0.040611,0.134425,0.278867,0.364928,1.0,1.0
*9,36
9,7,0,0
0,R72,R72,1
4,1,1,1,1,1,1,1,1
37736.0,5867.08,1332.47,369.441,116.843,40.3488,14.9663,5.8759,1.6533,
0.6108,0.2333,0.0900
2,1,1,1,1,1,1
102.262,23.938,7.5206,2.7725,1.1001,0.4468,0.1719,0.0700
0.000218,0.001633,0.008682,0.036543,1.0,1.0,1.0,1.0,1.0,1.0,1.0,1.0
0.004273,0.030534,1.0,1.0,1.0,1.0,1.0,1.0
*9,15
1,-2,0,0
2,R75,R75,1
C19,C50
3
4.13801D+02,6.22446D+01,1.34340D+01
2,1
9.77759D+00,2.08617D+00,4.82383D-01
5.85483D-02,3.49308D-01,7.09632D-01
-4.07327D-01,1.22314D+00,1.00000D+00
2.46680D-01,8.52321D-01,1.00000D+00
*9,16
1,-2,0,0
2,R77,R77,1
C19,C50
4
1.20491D+03,1.81792D+02,4.08879D+01,1.09630D+01
2,1
9.77759D+00,2.08617D+00,4.82383D-01
1.60678D-02,1.13306D-01,4.15239D-01,5.85754D-01
-4.07327D-01,1.22314D+00,1.00000D+00
2.46680D-01,8.52321D-01,1.00000D+00
*9,16
1,-2,0,0
3,R65,R65,1
C19,C50,C-31
4
1.12616D+03,1.69743D+02,3.81815D+01,1.02120D+01
2,1
9.68557D+00,2.05948D+00,4.73340D-01
1.74758D-02,1.22523D-01,4.34999D-01,5.59812D-01
1.00000D+00,-3.02856D+00,1.00000D+00
1.00000D+00,3.39657D+00,1.00000D+00
*9,20
1,-2,0,0
1,R31,R31,1
C19
4
1.126163D+03,1.697432D+02,3.818151D+01,1.021204D+01
3,1
2.149537D+01,4.989778D+00,1.403574D+00,3.730318D-01
1.747576D-02,1.225231D-01,4.349985D-01,5.598122D-01
-1.110571D-01,-1.683221D-01,1.143626D+00,1.000000D+00
6.988875D-02,3.393875D-01,7.279590D-01,1.000000D+00
*9,21
1,-2,0,0
1,R75,R75,1
C19
6
6.78319D+03,1.04244D+03,2.42398D+02,6.96320D+01,2.26894D+01,
7.79636D+00
2,1
9.77759D+00,2.08617D+00,4.82383D-01
1.88463D-03,1.38121D-02,6.62493D-02,2.21875D-01,4.60842D-01,
3.78453D-01
-4.07327D-01,1.22314D+00,1.00000D+00
2.46680D-01,8.52321D-01,1.00000D+00
*9,21
1,-2,0,0
1,R35,R35,1
C19
5
2.927123D+03,4.402361D+02,9.993135D+01,2.783870D+01,8.602578D+00
3,1
2.090380D+01,4.831642D+00,1.353752D+00,3.610198D-01
5.380259D-03,4.020133D-02,1.804365D-01,4.647457D-01,4.506029D-01
-1.094196D-01,-1.494114D-01,1.130962D+00,1.000000D+00
7.156794D-02,3.450879D-01,7.228825D-01,1.000000D+00
*9,22
1,-2,0,0
1,R35,R35,1
C19
6
7.001713D+03,1.051366D+03,2.392857D+02,6.739745D+01,2.151996D+01,
7.403101D+00
3,1
2.084795D+01,4.808308D+00,1.344070D+00,3.581514D-01
1.819617D-03,1.391608D-02,6.840532D-02,2.331858D-01,4.712674D-01,
3.566185D-01
-1.085070D-01,-1.464517D-01,1.128689D+00,1.000000D+00
7.162872D-02,3.459121D-01,7.224700D-01,1.000000D+00
*9,26
1,-3,0,0
2,R67,R67,1
C19,C51
6
1.14271D+04,1.72235D+03,3.95746D+02,1.15139D+02,3.36026D+01,
4.91901D+00
3,1,1
5.54441D+01,1.26323D+01,3.71756D+00,1.16545D+00,3.21892D-01
1.80093D-03,1.37419D-02,6.81334D-02,2.33325D-01,5.89086D-01,
2.99505D-01
1.14536D-01,9.20512D-01,-3.37804D-03,1.00000D+00,1.00000D+00
3.54609D-02,2.37451D-01,8.20458D-01,1.00000D+00,1.00000D+00
*9,10
1,-1,0,0
1,R24,R24,1
C19
2
1.069193E+2,1.571946E+1
2
4.195122E+0,7.159301E-1
2.618664E-1,8.325094E-1
1.017299E-2,9.939347E-1
3.521510E-1,8.001107E-1
*9,15
1,-1,0,0
1,R24,R24,1
C19
3
3.561218E+2,5.356475E+1,1.156849E+1
3
1.003901E+1,2.128919E+0,4.909967E-1
6.923553E-2,3.966070E-1,6.616981E-1
-1.124382E-1,3.257471E-1,7.897130E-1
1.340847E-1,4.728066E-1,6.061565E-1
*9,20
1,-1,0,0
1,R24,R24,1
C19
4
1.039663E+3,1.567420E+2,3.525278E+1,9.374258E+0
4
1.969760E+1,4.578027E+0,1.290010E+0,3.485629E-1
1.918958E-2,1.333847E-1,4.575930E-1,5.295208E-1
-6.321431E-2,-6.352451E-2,6.118574E-1,5.135313E-1
5.300144E-2,2.469308E-1,4.963153E-1,4.484569E-1
*9,25
1,-1,0,0
1,R24,R24,1
C19
5
2.680691E+3,4.032824E+2,9.158373E+1,2.529671E+1,7.698515E+0
5
4.172542E+1,9.641212E+0,2.866989E+0,9.059159E-1,2.725275E-1
5.986544E-3,4.455585E-2,1.965777E-1,4.917936E-1,4.072868E-1
-1.827662E-2,-1.148294E-1,1.219525E-1,6.737311E-1,3.326010E-1
1.774231E-2,1.073497E-1,3.201291E-1,4.777047E-1,3.356827E-1
*9,30
1,-1,0,0
1,R24,R24,1
C19
6
6.329421E+3,9.506127E+2,2.162597E+2,6.074609E+1,1.937936E+1,6.562300E+0
6
7.707169E+1,1.822026E+1,5.735813E+0,1.981144E+0,6.795145E-1,2.222028E-1
2.061440E-3,1.573793E-2,7.683586E-2,2.555594E-1,4.885010E-1,3.105741E-1
-5.178209E-3,-5.903586E-2,-9.033551E-2,3.019378E-1,6.363388E-1,
2.093229E-1
6.763396E-3,4.445214E-2,1.643591E-1,3.597739E-1,4.406576E-1,2.491585E-1
*9,24
3,2,0,0
0,R2,R98,1
7,2,1
9994.79,1506.03,350.269,104.053,34.8432,12.2164,4.36885,12.2164,
1.20775,0.36340
4,1
44.3555,10.0820,2.99586,0.93826,0.27329
0.001166,0.008876,0.042380,0.142929,0.355372,0.462085,0.140848,
-0.148452,1.055270,1.0
0.020876,0.130107,0.396166,0.620404,1.0
                                                                    NEON
*10,10
1,1,0,0
0,R33,0,0
4
454.17607,68.395175,14.826671,0.953523
2
5.328700,0.898920
*10,11
1,1,0,0
0,R33,0,0
5
1298.3500,195.93319,44.200647,11.959466,0.949902
2
5.328713,0.898919
*10,12
1,1,0,0
0,R33,0,0
6
1434.93,216.1740,48.5840,13.05520,1.906210,0.568810
2
5.3287,0.898920
*10,14
1,1,0,0
0,R33,0,0
5
1298.35,195.9330,44.20060,11.95950,0.94990
3
13.33290,2.777120,0.600310
*10,15
1,1,0,0
0,R33,0,0
6
1434.9263,216.1740,48.5840,13.055184,1.906214,0.568811
3
13.33290,2.777120,0.600310
*10,16
1,1,0,0
0,R28,0,0
7
4095.18,619.634,139.810,38.0736,11.4502,1.79556,0.532277
3
12.9564,2.72012,0.591654
*10,17
1,1,0,0
0,R33,0,0
8
8905.070,1336.850,304.0180,85.67530,27.48440,9.44630,1.71140,0.502160
3
13.33290,2.777120,0.600310
*10,19
1,1,0,0
0,R33,0,0
7
3719.610,559.3260,126.970,35.35610,10.93870,1.775050,0.523730
4
28.43660,6.280340,1.69760,0.432210
*10,20
1,1,0,0
0,R33,0,0
8
8905.0714,1336.8485,304.01834,85.675282,27.484367,9.446346,1.711440,
0.502159
4
28.436577,6.280344,1.697598,0.432205
*10,21
1,1,0,0
0,R33,0,0
9
16501.2,2477.760,566.110,161.6290,53.29320,19.48820,7.601760,1.632770,
0.481320
4
28.43660,6.280340,1.69760,0.432210
*10,24
3,2,0,0
0,R2,R98,1
7,2,1
12102.2,1821.39,432.759,132.463,43.7659,14.9060,5.12741,14.9060,
1.49117,0.44676
4,1
56.4511,12.9187,3.86542,1.20292,0.34440
0.001200,0.009092,0.041305,0.137867,0.362433,0.472247,0.130035,
-0.140810,1.053327,1.0
0.020875,0.130032,0.395679,0.621450,1.0
*10,25
1,1,0,0
0,R33,0,0
10
26700.70,4000.20,907.3950,255.3270,82.14120,28.81960,10.61250,3.204770,
1.20660,0.398940
5
55.03050,12.50120,3.697860,1.147740,0.331060
*10,28
1,1,0,0
0,R33,0,0
10
26700.70,4000.20,907.3950,255.3270,82.14120,28.81960,10.61250,3.204770,
1.20660,0.398940
6
95.81130,22.23570,6.83120,2.346450,0.80380,0.258730
*10,29
1,1,0,0
0,R33,0,0
11
47478.980,7066.9279,1602.9986,450.72366,146.13863,52.422821,20.265070,
8.144819,2.41510,0.929004,0.336866
6
95.81132,22.235709,6.831199,2.346453,0.80301,0.258728
*10,30
1,1,0,0
0,R33,0,0
12
83539.80,12444.50,2830.330,789.8030,253.3380,90.30740,35.11040,14.6450,
6.357450,2.187020,0.842450,0.314860
6
95.81130,22.23570,6.83120,2.346450,0.80380,0.258730
*10,32
1,1,0,0
1,R15,0,0
C56
11
47870.213,7355.8349,1660.1762,460.53877,146.03808,50.413860,18.716542,
7.3970216,2.0676770,0.77519515,0.29176005
7
129.80231,30.419334,9.6215168,3.5464524,1.4143505,0.57889341,0.21604453
*10,33
1,1,0,0
0,R33,0,0
12
83039.823,12390.008,2804.7907,787.70065,253.3380,90.30740,35.11040,
14.6450,6.357450,2.187020,0.842450,0.314860
7
155.1510,36.45440,11.42280,4.118030,1.554640,0.579190,0.206120
*10,34
1,1,0,0
0,R33,0,0
13
166165.0,23107.50,5060.150,1384.610,436.5130,153.4710,59.38910,24.8620,
11.01570,4.965180,1.93650,0.765730,0.295540
7
155.1510,36.45440,11.42280,4.118030,1.554640,0.579190,0.206120
*10,38
1,1,0,0
0,R33,0,0
14
279341.0,43638.30,9155.290,2399.530,744.7870,260.2210,100.1150,41.76630,
18.63440,8.762750,4.212820,1.77130,0.723060,0.285620
8
234.9450,55.07740,17.38950,6.389540,2.542080,1.033760,0.418790,0.164630
*10,41
1,1,0,0
0,R33,0,0
14
279341.01,43638.324,9155.2913,2399.530,744.7870,260.2210,100.1150,
41.76630,18.63440,8.762750,4.212820,1.77130,0.723060,0.285620
9
354.61693,82.05520,25.69290,9.449440,3.828170,1.626530,0.703960,
0.308830,0.132290
*10,15
2,1,0,0
0,R68,R68,1
3,3
4.24817E+2,6.48974E+1,1.42138E+1,1.65611E+1,1.75081E+0,5.42711E-1
3
1.31990E+1,2.75564E+0,5.97477E-1
7.23199E-2,4.00961E-1,6.54595E-1,-8.49366E-2,4.57083E-1,6.26307E-1
1.30447E-1,4.81497E-1,6.09297E-1
*10,15
2,1,0,0
0,R73,R73,1
3,3
456.95285,68.36543,14.61976,19.32719,1.44182,0.44408
3
13.35252,2.77947,0.60097
0.06691,0.38935,0.67052,-0.08025,0.59530,0.48487
0.12884,0.48044,0.61167
*10,16
2,1,0,0
1,R33,R56,1
C45
5,2
3719.6080,559.32626,126.96957,35.356149,10.938694,1.775054,0.523733
3
13.332930,2.777119,0.600311
0.005246,0.038914,0.177390,0.454535,0.464595,0.419907,0.640584
0.129064,0.481808,0.610227
*10,16
2,1,0,0
0,R73,R73,1
4,3
1295.45250,195.11433,43.80814,11.61688,17.46717,1.54138,0.46988
3
13.32538,2.77542,0.60003
0.01912,0.13264,0.46020,0.52770,-0.08274,0.56446,0.52018
0.12920,0.48081,0.61113
*10,18
2,1,0,0
0,R73,R73,1
3,3
456.95285,68.36543,14.61976,19.32719,1.44182,0.44408
4
28.44672,6.28149,1.69649,0.43202
0.06690,0.38917,0.67069,-0.08039,0.59605,0.48414
0.04591,0.23961,0.50901,0.45599
*10,19
2,1,0,0
0,R73,R73,1
4,3
1295.58161,195.10741,43.79454,11.60971,17.49415,1.52322,0.46227
4
28.44174,6.27937,1.69636,0.43189
0.01911,0.13262,0.46020,0.52776,-0.08265,0.57512,0.50972
0.04596,0.23988,0.50886,0.45595
*10,24
4,2,0,0
1,R33,R56,1
C45
5,2,1,1
16501.215,2477.7618,566.10960,161.62854,53.293240,19.488234,7.601760,
1.632772,0.481315
3,2
55.030482,12.501192,3.697860,1.147741,0.331057
0.001937,0.014875,0.075074,0.276525,0.717402,0.668483,0.367258,1.0,1.0
0.042145,0.265128,0.795429,0.653002,0.448926
*10,29
5,3,0,0
0,R2,R32,2
6,2,1,1,1
28660.2,4262.61,946.799,261.476,83.3433,29.1672,29.1672,10.7593,
3.34255,1.24068,0.40626
4,1,1
84.8396,19.7075,6.21877,2.21058,0.78526,0.25665
0.000767,0.006068,0.032474,0.131468,0.397723,0.542491,0.269065,0.764121,
1.0,1.0,1.0
0.015550,0.103011,0.349215,0.662839,1.0,1.0
0,R32
5,4,0,0
6,2,1,1,1
0.000767,0.006068,0.032474,0.131468,0.397723,0.542491,0.269065,0.764121,
1.0,1.0,1.0
3,1,1,1
0.036154,0.239503,0.811934,1.0,1.0,1.0
*10,29
4,2,0,0
0,R22,R22,1
3,3,2,3
0.47870213E+5,0.73558349E+4,0.16601762E+4,0.46053877E+3,0.14603808E+3,
0.50413860E+2,0.18279945E+2,0.67070721E+1,0.19244539E+1,0.72081321E+0,
0.27142151E+0
3,3
0.84839600E+2,0.19707500E+2,0.62187700E+1,0.21609022E+1,0.70551592E+0,
0.22234503E+0
0.21279167E-1,0.16415357E+0,0.87447243E+0,0.83248354E-1,0.28065536E+0,
0.70663284E+0,0.71223440E+0,0.32545000E+0,0.38549536E+0,0.52456063E+0,
0.16222109E+0
0.36158526E-1,0.23948167E+0,0.81194244E+0,0.44709537E+0,0.50356830E+0,
0.21100570E+0
*10,32
4,2,0,0
1,R33,R56,1
C45
6,2,2,1
47479.0,7066.93,1603.00,450.724,146.139,52.4228,20.2651,8.14482,
2.41510,0.929000,0.336870
5,2
155.151,36.4544,11.4228,4.11803,1.55464,0.579190,0.206120
0.000531,0.004120,0.021743,0.088027,0.289347,0.683486,0.642222,
0.392429,0.297362,0.735365,1.0
0.004775,0.035498,0.148926,0.379680,0.587118,0.751109,0.310865
*10,34
4,2,0,0
1,R15,R15,1
C6
4,4,3,2
47877.710,7286.0151,1676.1574,453.93262,140.78566,49.234793,
18.445526,7.0471553,13.833140,2.0096115,0.85896831,0.38953214,0.17061255
4,3
123.380,29.3037,9.47276,3.44469,1.29347,0.481270,0.171444
0.00488452,0.03558272,0.18924320,0.83587363,0.12971131,0.31235886,
0.45257654,0.22607073,-0.10374910,0.44862578,0.62394974,0.88921514,
0.12354583
0.01183393,0.08005300,0.30009176,0.71833857,0.52906003,0.45055906,
0.14102223
*10,37
5,3,0,0
1,R33,R56,1
C45
7,3,1,1,1
166165.08,23107.524,5060.1539,1384.6123,436.51258,153.47148,59.389087,
24.861967,11.015704,4.965175,1.936503,0.765728,0.295538
5,2,1
234.9450,55.077385,17.389549,6.389537,2.542082,1.033764,0.418788,
0.164627
0.000132,0.001117,0.006113,0.026723,0.097758,0.291689,0.662555,
0.510644,0.423009,0.116298,1.0,1.0,1.0
0.003259,0.025851,0.117227,0.344485,0.633960,0.601225,0.457211,1.0
*10,15
1,-2,0,0
2,R75,R75,1
C19,C50
3
5.15724D+02,7.76538D+01,1.68136D+01
2,1
1.24830D+01,2.66451D+00,6.06250D-01
5.81430D-02,3.47951D-01,7.10714D-01
-4.09922D-01,1.22431D+00,1.00000D+00
2.47460D-01,8.51743D-01,1.00000D+00
*10,16
1,-2,0,0
2,R77,R77,1
C19,C50
4
1.51275D+03,2.27368D+02,5.10739D+01,1.37213D+01
2,1
1.24830D+01,2.66451D+00,6.06250D-01
1.58096D-02,1.12430D-01,4.14266D-01,5.87193D-01
-4.09922D-01,1.22431D+00,1.00000D+00
2.47460D-01,8.51743D-01,1.00000D+00
*10,18
1,-2,0,0
1,R75,R75,1
C19
6
8.78583D+03,1.32390D+03,3.00795D+02,8.51891D+01,2.76534D+01,
9.53039D+00
2,1
1.24830D+01,2.66451D+00,6.06250D-01
1.78077D-03,1.35790D-02,6.70847D-02,2.26825D-01,4.65053D-01,
3.68995D-01
-4.09922D-01,1.22431D+00,1.00000D+00
2.47460D-01,8.51743D-01,1.00000D+00
*10,20
1,-2,0,0
1,R77,R77,1
C19
4
1.39793D+03,2.10770D+02,4.74673D+01,1.27226D+01
3,1
2.72130D+01,6.29413D+00,1.76005D+00,4.61867D-01
1.74238D-02,1.22273D-01,4.35014D-01,5.59715D-01
-1.09609D-01,-1.64125D-01,1.14015D+00,1.00000D+00
7.04403D-02,3.43993D-01,7.24515D-01,1.00000D+00
*10,22
1,-2,0,0
1,R77,R77,1
C19
6
8.42585D+03,1.26852D+03,2.89621D+02,8.18590D+01,2.62515D+01,
9.09472D+00
3,1
2.65321D+01,6.10176D+00,1.69627D+00,4.45819D-01
1.88435D-03,1.43369D-02,7.01096D-02,2.37373D-01,4.73007D-01,
3.48401D-01
-1.07118D-01,-1.46164D-01,1.12777D+00,1.00000D+00
7.19096D-02,3.49513D-01,7.19941D-01,1.00000D+00
*10,26
1,-3,0,0
2,R67,R67,1
C19,C51
6
1.39957D+04,2.11710D+03,4.90425D+02,1.43833D+02,4.19265D+01,
6.15684D+00
3,1,1
6.91211D+01,1.58350D+01,4.67326D+00,1.45756D+00,3.97057D-01
1.83276D-03,1.38827D-02,6.80687D-02,2.31328D-01,5.85890D-01,
3.05883D-01
1.19149D-01,9.17375D-01,-4.05839D-03,1.00000D+00,1.00000D+00
3.56574D-02,2.39477D-01,8.18461D-01,1.00000D+00,1.00000D+00
