D.BASIS4B                                                           IRON
*26,66
1,1,1,0
0,R46,0,0
14
0.25651548E+06,0.38743297E+05,0.88812235E+04,0.25485659E+04,
0.84623414E+03,0.31306369E+03,0.12583030E+03,0.53483452E+02,
0.17615182E+02,0.73653662E+01,0.19772510E+01,0.79102442E+00,
0.11283741E+00,0.41554780E-01
9
0.16694942E+04,0.39641352E+03,0.12876598E+03,0.49175526E+02,
0.20530668E+02,0.89863010E+01,0.36441806E+01,0.15284509E+01,
0.58516030E+00
5
0.41341147E+02,0.11564748E+02,0.38696010E+01,0.13363893E+01,
0.40260989E+00
*26,39
3,2,2,0
2,R29,R29,1
C2,C32
5,2,2
27196.3,4120.56,952.534,273.711,88.5642,21.1774,8.88725,2.24366,
0.888434
3,2
227.314,52.2324,15.3017,4.07755,1.19594
2,1
12.7344,3.15947,0.774040
0.00480,0.03551,0.15860,0.42283,0.46934,0.30512,0.76132,0.47175,0.75993
0.06572,0.34929,0.62297,0.32365,0.79652
0.15472,0.49782,1.0
*26,45
4,2,1,0
0,R64,R64,1
3,3,3,3
3291.98454,498.31202,109.07700,145.17000,13.58800,5.54320,10.59100,
1.78760,0.71960,0.82810,0.09971,0.03675
3,3
183.62339,41.95354,11.92119,31.17100,3.06450,0.95390
3
12.41140,3.06756,0.74029
0.06374,0.37658,0.68129,-0.10378,0.68671,0.38005,-0.23112,0.67269,
0.46296,-0.13031,0.62399,0.46647
0.09181,0.44473,0.62077,-0.02850,0.49800,0.60069
0.15889,0.50421,0.60506
*26,46
4,2,1,0
0,R89,R89,1
4,3,3,3
9678.86408,1458.91501,330.32836,88.73048,132.85466,14.55175,6.01902,
10.46087,1.75562,0.70806,0.81114,0.10013,0.03693
3,3
183.17301,41.87718,11.90922,31.37651,3.06078,0.95191
3
12.39415,3.06418,0.73980
0.01739,0.12187,0.44150,0.55298,-0.10681,0.63344,0.43829,0.22831,
-0.69102,-0.44361,-0.12794,0.61879,0.47174
0.09212,0.44526,0.61997,-0.02817,0.49852,0.60023
0.15918,0.50447,0.60455
*26,50
5,2,2,0
2,R29,R29,2
C2,C4
6,2,2,1,1
63509.8,9344.59,2156.66,627.320,208.380,74.8588,19.2876,8.09403,
2.14813,0.868997,0.110224,0.041854
4,2
424.039,98.9427,30.8593,10.7975,2.91785,0.924889
3,1
23.2006,6.13066,1.84927,0.505755
0.00169,0.01320,0.06284,0.21100,0.44009,0.38283,0.41810,0.67946,
0.55185,0.68840,1.0,1.0
0.02472,0.16155,0.45455,0.48537,0.53686,0.59877
0.06540,0.28749,0.51785,1.0
3,R29
C2,C4,C7
8,4,2,0
4,2,1,1,1,1,1,1
0.00169,0.01320,0.06284,0.21100,0.44009,0.38283,1.0,1.0,1.0,1.0,1.0,1.0
3,1,1,1
0.02472,0.16155,0.45455,1.0,1.0,1.0
3,1
0.06540,0.28749,0.51785,1.0
*26,50
4,2,1,0
0,R64,R64,1
3,3,3,3
3291.98454,498.31202,109.07700,145.17000,13.58800,5.54320,10.59100,
1.78760,0.71960,0.82810,0.09971,0.03675
3,3
183.62339,41.95354,11.92119,31.17100,3.06450,0.95390
4
23.19711,6.12810,1.84806,0.50676
0.06374,0.37658,0.68129,-0.10378,0.68671,0.38005,-0.23112,0.67269,
0.46296,-0.13031,0.62399,0.46647
0.09181,0.44473,0.62077,-0.02850,0.49800,0.60069
0.06544,0.28766,0.51808,0.44222
*26,54
4,2,1,0
0,R89,R89,1
4,3,3,3
9678.75072,1458.96956,330.32731,88.71446,132.78442,14.54392,6.00098,
10.46384,1.75242,0.70942,0.85008,0.10263,0.03741
4,3
395.28902,91.98856,27.88387,9.31097,34.42680,3.07012,0.94469
4
23.15678,6.12648,1.84895,0.50594
0.01739,0.12185,0.44148,0.55303,-0.10679,0.63381,0.43808,0.22856,
-0.69246,-0.44189,-0.13378,0.63617,0.45635
0.02785,0.18152,0.50738,0.45777,-0.02151,0.51350,0.58595
0.06553,0.28743,0.51754,0.44332
*26,55
5,2,2,0
2,R47,R47,3
C14,C24
6,2,2,1,1
63509.8,9344.59,2156.66,627.320,208.380,74.8588,19.2876,8.09403,
2.14813,0.868997,0.110224,0.041854
4,2
424.039,98.9427,30.8593,10.7975,2.91785,0.924889
4,1
23.2006,6.13066,1.84927,0.505755,0.1244
0.00169,0.01320,0.06284,0.21100,0.44009,0.38283,0.41810,0.67946,
0.55185,0.68840,1.0,1.0
0.02472,0.16155,0.45455,0.48537,0.53686,0.59877
0.06250,0.27476,0.49492,0.48262,1.0
2,R47
C14,C25
5,2,2,0
6,2,2,1,1
0.00169,0.01320,0.06284,0.21100,0.44009,0.38283,0.41810,0.67946,
0.55185,0.68840,1.0,1.0
4,2
0.02472,0.16155,0.45455,0.48537,0.53686,0.59877
4,1
0.06386,0.28071,0.50564,0.46442,1.0
2,R47
C14,C24
8,4,3,0
4,2,1,1,1,1,1,1
0.00169,0.01320,0.06284,0.21100,0.44009,0.38283,1.0,1.0,1.0,1.0,1.0,1.0
3,1,1,1
0.02472,0.16155,0.45455,1.0,1.0,1.0
3,1,1
0.08861,0.38954,0.70166,1.0,1.0
*26,61
8,4,2,0
1,R84,R84,1
C18
6,2,1,1,1,1,1,1
257539.0,38636.9,8891.44,2544.01,844.777,312.527,125.593,53.4987,
17.7151,7.37677,2.01847,0.779935,0.114220,0.041889
5,1,1,2
1678.40,396.392,128.588,49.1158,20.5035,8.98712,3.68249,1.52175,
0.592684
3,1
18.40,4.772,1.342,0.3071
0.00029,0.00226,0.01152,0.04566,0.14035,0.31420,0.40878,0.21163,1.0,1.0,
1.0,1.0,1.0,1.0
0.00249,0.02015,0.09199,0.25991,0.42887,1.0,1.0,0.56925,0.26863
0.080936798,0.31708663,0.50267134,1.0
*26,64
4,2,1,0
2,R18,R18,1
C4,C19
6,3,3,3
30450.0,4570.0,1082.0,332.1,122.8,54.77,14.19,7.784,2.632,2.025,1.016,
0.3578,0.1045,0.05578,0.01851
5,3
468.9,111.3,35.87,13.38,5.203,5.235,2.098,0.7088
5
29.27,8.102,2.685,0.9221,0.3000
0.0040382,0.0298206,0.1294993,0.3404836,0.4351757,0.1997178,0.4820558,
0.4939795,0.0537743,0.3723857,0.5865776,0.0783596,0.4137307,0.5331829,
0.0925615
0.0207700,0.1350163,0.3939336,0.4858906,0.1525810,0.1478422,0.5910156,
0.3767836
0.0447219,0.2091904,0.4203922,0.4321788,0.2360778
*26,66
8,4,2,0
0,R21,R21,4
6,2,1,1,1,1,1,1
257539.0,38636.9,8891.44,2544.01,844.777,312.527,125.593,53.4987,
17.7151,7.37677,2.01847,0.779935,0.114220,0.041889
5,1,1,2
1678.40,396.392,128.588,49.1158,20.5035,8.98712,3.68249,1.52175,
0.592684
3,2
41.4526,11.5403,3.88543,1.32380,0.416680
0.00029,0.00226,0.01152,0.04566,0.14035,0.31420,0.40878,0.21163,1.0,1.0,
1.0,1.0,1.0,1.0
0.00249,0.02015,0.09199,0.25991,0.42887,1.0,1.0,0.56925,0.26863
0.02511,0.13626,0.35323,0.46867,0.34395
0,R21
8,4,2,0
6,2,1,1,1,1,1,1
0.00029,0.00226,0.01152,0.04566,0.14035,0.31420,0.40878,0.21163,1.0,1.0,
1.0,1.0,1.0,1.0
4,2,1,2
0.00249,0.02015,0.09199,0.25991,0.42887,0.32691,1.0,0.56925,0.26863
3,2
0.02511,0.13626,0.35323,0.46867,0.34395
1,R21
C7
8,4,2,0
6,2,1,1,1,1,1,1
0.00029,0.00226,0.01152,0.04566,0.14035,0.31420,0.40878,0.21163,1.0,1.0,
1.0,1.0,1.0,1.0
3,3,1,2
0.00249,0.02015,0.09199,0.25991,0.42887,0.32691,1.0,0.56925,0.26863
3,2
0.02511,0.13626,0.35323,0.46867,0.34395
0,R56
6,3,2,0
6,2,2,2,1,1
0.000625,0.004784,0.024559,0.096576,0.300050,0.662666,0.678095,
0.351041,-0.477250,-0.556777,0.502645,0.537294,1.0,1.0
6,2,1
0.002571,0.020834,0.095109,0.268792,0.443591,0.338587,0.406129,0.647829,
1.0
3,2
0.054727,0.297386,0.774540,0.648318,0.475219
*26,66
8,4,2,0
1,R84,R84,1
C18
6,2,1,1,1,1,1,1
257539.0,38636.9,8891.44,2544.01,844.777,312.527,125.593,53.4987,
17.7151,7.37677,2.01847,0.779935,0.114220,0.041889
5,1,1,2
1678.40,396.392,128.588,49.1158,20.5035,8.98712,3.68249,1.52175,
0.592684
4,1
31.78,8.426,2.719,0.8335,0.2113
0.00029,0.00226,0.01152,0.04566,0.14035,0.31420,0.40878,0.21163,1.0,1.0,
1.0,1.0,1.0,1.0
0.00249,0.02015,0.09199,0.25991,0.42887,1.0,1.0,0.56925,0.26863
0.035406663,0.17811521,0.38343646,0.45153538,1.0
*26,71
8,4,2,0
2,R47,R47,3
C14,C24
6,2,1,1,1,1,1,1
257539.0,38636.9,8891.44,2544.01,844.777,312.527,125.593,53.4987,
17.7151,7.37677,2.01847,0.779935,0.114220,0.041889
5,1,1,2
1678.40,396.392,128.588,49.1158,20.5035,8.98712,3.68249,1.52175,
0.592684
5,1
41.4526,11.5403,3.88543,1.32380,0.416680,0.1133
0.00029,0.00226,0.01152,0.04566,0.14035,0.31420,0.40878,0.21163,1.0,1.0,
1.0,1.0,1.0,1.0
0.00249,0.02015,0.09199,0.25991,0.42887,1.0,1.0,0.56925,0.26863
0.02373,0.12878,0.33385,0.44295,0.40401,1.0
2,R47
C14,C25
8,4,2,0
6,2,1,1,1,1,1,1
0.00029,0.00226,0.01152,0.04566,0.14035,0.31420,0.40878,0.21163,1.0,1.0,
1.0,1.0,1.0,1.0
5,1,1,2
0.00249,0.02015,0.09199,0.25991,0.42887,1.0,1.0,0.56925,0.26863
5,1
0.02432,0.13199,0.34218,0.45401,0.37877,1.0
2,R47
C14,C24
8,4,3,0
6,2,1,1,1,1,1,1
0.00029,0.00226,0.01152,0.04566,0.14035,0.31420,0.40878,0.21163,1.0,1.0,
1.0,1.0,1.0,1.0
4,2,1,2
0.00249,0.02015,0.09199,0.25991,0.42887,0.32691,1.0,0.56925,0.26863
4,1,1
0.03102,0.16835,0.43643,0.57906,1.0,1.0
*26,71
8,4,3,0
1,R84,R84,1
C18
6,2,1,1,1,1,1,1
257539.0,38636.9,8891.44,2544.01,844.777,312.527,125.593,53.4987,
17.7151,7.37677,2.01847,0.779935,0.114220,0.041889
5,1,1,2
1678.40,396.392,128.588,49.1158,20.5035,8.98712,3.68249,1.52175,
0.592684
4,1,1
47.10,13.12,4.478,1.581,0.5100,0.1382
0.00029,0.00226,0.01152,0.04566,0.14035,0.31420,0.40878,0.21163,1.0,1.0,
1.0,1.0,1.0,1.0
0.00249,0.02015,0.09199,0.25991,0.42887,1.0,1.0,0.56925,0.26863
0.0017640879,0.10078274,0.27436698,0.40147387,1.0,1.0
                                                                  COBALT
*27,66
1,1,1,0
0,R46,0,0
14
0.26536947E+06,0.39689407E+05,0.90637300E+04,0.26017673E+04,
0.86912966E+03,0.32366586E+03,0.13091542E+03,0.56103589E+02,
0.18906092E+02,0.79519583E+01,0.21618412E+01,0.85959073E+00,
0.12095572E+00,0.43856140E-01
9
0.16385488E+04,0.39156831E+03,0.12812996E+03,0.49316074E+02,
0.20782262E+02,0.92076682E+01,0.37858293E+01,0.15948042E+01,
0.61716235E+00
5
0.44886224E+02,0.12597592E+02,0.42296557E+01,0.14563681E+01,
0.43559584E+00
*27,39
3,2,2,0
2,R29,R29,1
C2,C32
5,2,2
30165.2,4573.53,1052.72,300.528,96.6770,23.3569,9.77620,2.46579,
0.971807
3,2
246.223,56.8510,16.6867,4.43121,1.30369
2,1
14.0830,3.49960,0.850434
0.00463,0.03437,0.15529,0.42092,0.47396,0.29445,0.77056,0.47413,0.75879
0.06589,0.34994,0.62371,0.33541,0.78734
0.15811,0.50171,1.0
*27,45
4,2,1,0
0,R64,R64,1
3,3,3,3
3551.58210,537.98038,117.88196,157.28000,14.74400,6.01430,11.66400,
1.96020,0.78570,0.87960,0.10620,0.03873
3,3
200.13046,45.79723,13.05861,34.42500,3.38580,1.05300
3
13.79772,3.42001,0.81963
0.06374,0.37644,0.68131,-0.10464,0.69217,0.37475,-0.23054,0.67735,
0.45819,-0.12125,0.61881,0.46973
0.09153,0.44489,0.62020,-0.02905,0.50086,0.59815
0.16126,0.50623,0.60291
*27,46
4,2,1,0
0,R89,R89,1
4,3,3,3
10424.77100,1572.36823,356.46424,95.88887,143.86595,15.79437,6.53759,
11.49720,1.92811,0.77317,0.88138,0.10638,0.03882
3,3
199.69406,45.72020,13.04606,34.57893,3.38757,1.05059
3
13.77530,3.41648,0.81963
0.01742,0.12197,0.44135,0.55286,-0.10731,0.63761,0.43427,-0.22830,
0.69250,0.44247,-0.12345,0.61142,0.47772
0.09182,0.44539,0.61946,-0.02849,0.49959,0.59966
0.16172,0.50667,0.60201
*27,50
5,2,2,0
2,R29,R29,2
C2,C4
6,2,2,1,1
71283.9,10328.7,2363.30,677.873,224.950,81.0468,21.0939,8.87011,
2.36802,0.953468,0.118259,0.044273
4,2
459.697,109.051,33.9790,11.8744,3.24082,1.02446
3,1
25.5415,6.78969,2.04924,0.555999
0.00163,0.01286,0.06242,0.21218,0.43912,0.38282,0.41417,0.68329,
0.55092,0.69116,1.0,1.0
0.02447,0.15854,0.45458,0.48696,0.53594,0.60106
0.06700,0.29198,0.51733,1.0
3,R29
C2,C4,C7
8,4,2,0
4,2,1,1,1,1,1,1
0.00163,0.01286,0.06242,0.21218,0.43912,0.38282,1.0,1.0,1.0,1.0,1.0,1.0
3,1,1,1
0.02447,0.15854,0.45458,1.0,1.0,1.0
3,1
0.06700,0.29198,0.51733,1.0
*27,50
4,2,1,0
0,R64,R64,1
3,3,3,3
3551.58210,537.98038,117.88196,157.28000,14.74400,6.01430,11.66400,
1.96020,0.78570,0.87960,0.10620,0.03873
3,3
200.13046,45.79723,13.05861,34.42500,3.38580,1.05300
4
25.56979,6.79059,2.04848,0.55694
0.06374,0.37644,0.68131,-0.10464,0.69217,0.37475,-0.23054,0.67735,
0.45819,-0.12125,0.61881,0.46973
0.09153,0.44489,0.62020,-0.02905,0.50086,0.59815
0.06690,0.29192,0.51747,0.44007
*27,54
4,2,1,0
0,R89,R89,1
4,3,3,3
10425.41800,1572.52255,356.47734,95.87448,143.78973,15.78481,6.51752,
11.50024,1.92358,0.77475,0.93055,0.10971,0.03949
4,3
424.82412,99.03732,30.13287,10.11710,37.92911,3.39318,1.04180
4
25.54420,6.79072,2.04992,0.55639
0.01742,0.12195,0.44133,0.55292,-0.10728,0.63800,0.43403,-0.22855,
0.69452,0.44010,-0.12976,0.62967,0.46174
0.02832,0.18394,0.50983,0.45202,-0.02185,0.51561,0.58427
0.06700,0.29192,0.51711,0.44067
*27,55
5,2,2,0
2,R47,R47,3
C14,C24
6,2,2,1,1
71283.9,10328.7,2363.30,677.873,224.950,81.0468,21.0939,8.87011,
2.36802,0.953468,0.118259,0.044273
4,2
459.697,109.051,33.9790,11.8744,3.24082,1.02446
4,1
25.5415,6.78969,2.04924,0.555999,0.1357
0.00163,0.01286,0.06242,0.21218,0.43912,0.38282,0.41417,0.68329,
0.55092,0.69116,1.0,1.0
0.02447,0.15854,0.45458,0.48696,0.53594,0.60106
0.06457,0.28135,0.49851,0.47346,1.0
2,R47
C14,C25
5,2,2,0
6,2,2,1,1
0.00163,0.01286,0.06242,0.21218,0.43912,0.38282,0.41417,0.68329,
0.55092,0.69116,1.0,1.0
4,2
0.02447,0.15854,0.45458,0.48696,0.53594,0.60106
4,1
0.06581,0.28679,0.50813,0.45676,1.0
2,R47
C14,C24
8,4,3,0
4,2,1,1,1,1,1,1
0.00163,0.01286,0.06242,0.21218,0.43912,0.38282,1.0,1.0,1.0,1.0,1.0,1.0
3,1,1,1
0.02447,0.15854,0.45458,1.0,1.0,1.0
3,1,1
0.09030,0.39351,0.69722,1.0,1.0
*27,56
8,6,2,0
1,R59,R59,1
C16
4,2,1,1,1,1,1,1
71283.9,10328.7,2363.30,677.873,224.950,81.0468,21.0939,8.87011,
2.36802,0.953468,0.26,0.10
3,1,1,1,1,1
459.697,109.051,33.9790,11.8744,3.24082,1.02446,0.26,0.10
3,1
25.5415,6.78969,2.04924,0.555999
0.00163,0.01286,0.06242,0.21218,0.43912,0.38282,1.0,1.0,1.0,1.0,1.0,1.0
0.02447,0.15854,0.45458,1.0,1.0,1.0,1.0,1.0
0.06700,0.29198,0.51733,1.0
*27,61
8,4,2,0
1,R84,R84,1
C18
6,2,1,1,1,1,1,1
270991.0,39734.8,9057.46,2598.21,868.200,323.431,130.860,56.1219,
18.9219,7.95238,2.19754,0.846713,0.122266,0.044172
5,1,1,2
1636.21,390.903,127.884,49.2413,20.7512,9.20368,3.81779,1.58762,
0.624660
3,1
20.67,5.399,1.527,0.3477
0.00031,0.00242,0.01238,0.04849,0.14672,0.32127,0.40497,0.19961,1.0,1.0,
1.0,1.0,1.0,1.0
0.00296,0.02336,0.10343,0.27954,0.43268,1.0,1.0,0.55625,0.24345
0.081882338,0.32028891,0.50519290,1.0
*27,64
4,2,1,0
2,R18,R18,1
C4,C19
6,3,3,3
34040.0,5071.0,1180.0,358.2,130.8,56.12,15.33,8.197,2.767,2.227,1.066,
0.4002,0.1109,0.05786,0.02140
5,3
500.0,119.6,38.58,14.45,5.622,5.717,2.270,0.7635
5
31.26,8.626,2.852,0.9568,0.3085
0.0039527,0.0292960,0.1285155,0.3444619,0.4431756,0.1910743,0.4985078,
0.4819924,0.0501173,0.4039087,0.5663678,0.0673977,0.4115679,0.5340566,
0.0921504
0.0210983,0.1374297,0.3991188,0.4825775,0.1471398,0.1575280,0.5967500,
0.3628438
0.0483672,0.2236609,0.4332273,0.4303845,0.2100685
*27,66
8,4,2,0
1,R21,R21,4
C7
6,2,1,1,1,1,1,1
270991.0,39734.8,9057.46,2598.21,868.200,323.431,130.860,56.1219,
18.9219,7.95238,2.19754,0.846713,0.122266,0.044172
5,1,1,2
1636.21,390.903,127.884,49.2413,20.7512,9.20368,3.81779,1.58762,
0.624660
3,2
44.9774,12.5690,4.24422,1.44330,0.449965
0.00031,0.00242,0.01238,0.04849,0.14672,0.32127,0.40497,0.19961,1.0,1.0,
1.0,1.0,1.0,1.0
0.00296,0.02336,0.10343,0.27954,0.43268,1.0,1.0,0.55625,0.24345
0.02627,0.14182,0.35942,0.46613,0.33777
0,R21
8,4,2,0
6,2,1,1,1,1,1,1
0.00031,0.00242,0.01238,0.04849,0.14672,0.32127,0.40497,0.19961,1.0,1.0,
1.0,1.0,1.0,1.0
4,2,1,2
0.00296,0.02336,0.10343,0.27954,0.43268,0.29861,1.0,0.55625,0.24345
3,2
0.02627,0.14182,0.35942,0.46613,0.33777
0,R21
8,4,2,0
6,2,1,1,1,1,1,1
0.00031,0.00242,0.01238,0.04849,0.14672,0.32127,0.40497,0.19961,1.0,1.0,
1.0,1.0,1.0,1.0
3,3,1,2
0.00296,0.02336,0.10343,0.27954,0.43268,0.29861,1.0,0.55625,0.24345
3,2
0.02627,0.14182,0.35942,0.46613,0.33777
0,R56
6,3,2,0
6,2,2,2,1,1
0.000630,0.004968,0.025527,0.099319,0.303199,0.656444,0.688758,0.339461,
-0.496375,-0.537127,0.512839,0.527366,1.0,1.0
6,1,2
0.003045,0.023988,0.106211,0.287062,0.444435,0.307083,1.0,0.708744,
0.346437
3,2
0.056150,0.303078,0.768885,0.652391,0.472608
*27,66
8,4,2,0
1,R84,R84,1
C18
6,2,1,1,1,1,1,1
270991.0,39734.8,9057.46,2598.21,868.200,323.431,130.860,56.1219,
18.9219,7.95238,2.19754,0.846713,0.122266,0.044172
5,1,1,2
1636.21,390.903,127.884,49.2413,20.7512,9.20368,3.81779,1.58762,
0.624660
4,1
34.97,9.463,3.051,0.9365,0.2350
0.00031,0.00242,0.01238,0.04849,0.14672,0.32127,0.40497,0.19961,1.0,1.0,
1.0,1.0,1.0,1.0
0.00296,0.02336,0.10343,0.27954,0.43268,1.0,1.0,0.55625,0.24345
0.0362293812,0.181096242,0.39013496,0.45093936,1.0
*27,71
8,4,2,0
2,R47,R47,3
C14,C24
6,2,1,1,1,1,1,1
270991.0,39734.8,9057.46,2598.21,868.200,323.431,130.860,56.1219,
18.9219,7.95238,2.19754,0.846713,0.122266,0.044172
5,1,1,2
1636.21,390.903,127.884,49.2413,20.7512,9.20368,3.81779,1.58762,
0.624660
5,1
44.9774,12.5690,4.24422,1.44330,0.449965,0.1219
0.00031,0.00242,0.01238,0.04849,0.14672,0.32127,0.40497,0.19961,1.0,1.0,
1.0,1.0,1.0,1.0
0.00296,0.02336,0.10343,0.27954,0.43268,1.0,1.0,0.55625,0.24345
0.02502,0.13506,0.34230,0.44392,0.39140,1.0
2,R47
C14,C25
8,4,2,0
6,2,1,1,1,1,1,1
0.00031,0.00242,0.01238,0.04849,0.14672,0.32127,0.40497,0.19961,1.0,1.0,
1.0,1.0,1.0,1.0
5,1,1,2
0.00296,0.02336,0.10343,0.27954,0.43268,1.0,1.0,0.55625,0.24345
5,1
0.02558,0.13811,0.35002,0.45392,0.36772,1.0
2,R47
C14,C24
8,4,3,0
6,2,1,1,1,1,1,1
0.00031,0.00242,0.01238,0.04849,0.14672,0.32127,0.40497,0.19961,1.0,1.0,
1.0,1.0,1.0,1.0
4,2,1,2
0.00296,0.02336,0.10343,0.27954,0.43268,0.29861,1.0,0.55625,0.24345
4,1,1
0.03220,0.17382,0.44052,0.57130,1.0,1.0
*27,71
8,4,3,0
1,R84,R84,1
C18
6,2,1,1,1,1,1,1
270991.0,39734.8,9057.46,2598.21,868.200,323.431,130.860,56.1219,
18.9219,7.95238,2.19754,0.846713,0.122266,0.044172
5,1,1,2
1636.21,390.903,127.884,49.2413,20.7512,9.20368,3.81779,1.58762,
0.624660
4,1,1
51.69,14.70,4.851,1.643,0.5075,0.1433
0.00031,0.00242,0.01238,0.04849,0.14672,0.32127,0.40497,0.19961,1.0,1.0,
1.0,1.0,1.0,1.0
0.00296,0.02336,0.10343,0.27954,0.43268,1.0,1.0,0.55625,0.24345
0.017800566,0.10459689,0.29733016,0.42352758,1.0,1.0
                                                                  NICKEL
*28,66
1,1,1,0
0,R46,0,0
14
0.27940255E+06,0.42053321E+05,0.96337867E+04,0.27649901E+04,
0.92128732E+03,0.34206529E+03,0.13810746E+03,0.59260278E+02,
0.20358991E+02,0.85942749E+01,0.23574855E+01,0.93250293E+00,
0.12890620E+00,0.46098000E-01
9
0.17761651E+04,0.42401849E+03,0.13855247E+03,0.53248593E+02,
0.22421150E+02,0.99349303E+01,0.40867350E+01,0.17180932E+01,
0.66515353E+00
5
0.48858652E+02,0.13745990E+02,0.46256646E+01,0.15877750E+01,
0.47179676E+00
*28,39
3,2,2,0
2,R29,R29,1
C2,C32
5,2,2
32260.2,4907.01,1131.78,323.739,104.201,25.0693,10.5734,2.68849,
1.06449
3,2
269.005,62.1403,18.2558,4.85357,1.42726
2,1
15.5038,3.86506,0.932390
0.00466,0.03444,0.15521,0.42042,0.47446,0.30086,0.76528,0.47542,0.75898
0.06507,0.34833,0.62478,0.33894,0.78489
0.16075,0.50432,1.0
*28,45
4,2,1,0
0,R64,R64,1
3,3,3,3
3843.01471,581.52567,127.32265,169.73334,15.94745,6.51056,12.68693,
2.14107,0.85514,0.97199,0.11269,0.04075
3,3
218.13620,49.94197,14.26965,38.00762,3.73080,1.15404
3
15.31983,3.80860,0.90885
0.06336,0.37536,0.68255,-0.10441,0.69394,0.37288,-0.23011,0.67292,
0.46290,-0.12452,0.59838,0.49034
0.09085,0.44435,0.62074,-0.02889,0.49969,0.59999
0.16283,0.50780,0.60112
*28,45
4,2,1,0
0,R68,R68,1
3,3,3,3
3.71633E+03,5.67873E+02,1.25777E+02,1.56865E+02,1.82921E+01,8.12609E+00,
1.36957E+01,2.25807E+00,1.02896E+00,1.36146E+00,1.24272E-01,4.83679E-02
3,3
1.98521E+02,4.64787+01,1.36427E+01,3.43541E+01,3.90276E+00,1.20099E+00
3
1.32456E+01,3.34272E+00,8.10345E-01
6.46093E-02,3.74593E-01,6.64236E-01,-1.11233E-01,5.37274E-01,
5.55694E-01,-2.32084E-01,5.77746E-01,6.29956E-01,-1.87838E-01,
5.62553E-01,5.45291E-01
1.00796E-01,4.56571E-01,5.77214E-01,-2.43491E-02,5.15717E-01,6.38098E-01
1.89371E-01,5.22981E-01,5.66877E-01
*28,46
4,2,1,0
0,R89,R89,1
4,3,3,3
11198.45600,1689.98185,383.55543,103.31766,155.31371,17.08797,7.07520,
12.57259,2.10867,0.84116,0.94512,0.11283,0.04077
3,3
217.28151,49.79436,14.24440,38.24269,3.72341,1.15180
3
15.29655,3.80268,0.90728
0.01746,0.12208,0.44125,0.55270,-0.10777,0.64150,0.43053,-0.22820,
0.69291,0.44239,-0.11889,0.60175,0.48632
0.09133,0.44517,0.61951,-0.02883,0.50104,0.59864
0.16304,0.50799,0.60086
*28,50
5,2,2,0
2,R29,R29,2
C2,C4
6,2,2,1,1
73850.4,10939.2,2504.61,720.706,240.114,86.8503,22.4686,9.50508,
2.57910,1.02958,0.125776,0.046377
4,2
493.637,116.498,36.5669,12.8762,3.54585,1.12160
3,1
27.9859,7.47243,2.25654,0.608474
0.00168,0.01307,0.06348,0.21402,0.43926,0.38017,0.43029,0.66975,
0.56554,0.68233,1.0,1.0
0.02496,0.16147,0.45551,0.48263,0.53944,0.59777
0.06848,0.29628,0.51699,1.0
3,R29
C2,C4,C7
8,4,2,0
4,2,1,1,1,1,1,1
0.00168,0.01307,0.06348,0.21402,0.43926,0.38017,1.0,1.0,1.0,1.0,1.0,1.0
3,1,1,1
0.02496,0.16147,0.45551,1.0,1.0,1.0
3,1
0.06848,0.29628,0.51699,1.0
*28,50
4,2,1,0
0,R64,R64,1
3,3,3,3
3843.01471,581.52567,127.32265,169.73334,15.94745,6.51056,12.68693,
2.14107,0.85514,0.97199,0.11269,0.04075
3,3
218.13620,49.94197,14.26965,38.00762,3.73080,1.15404
4
28.00504,7.48144,2.26051,0.61067
0.06336,0.37536,0.68255,-0.10438,0.69323,0.37360,-0.23038,0.67444,
0.46150,-0.11972,0.64710,0.44023
0.09082,0.44410,0.62098,-0.02860,0.50022,0.59945
0.06846,0.29600,0.51696,0.43724
*28,54
4,2,1,0
0,R89,R89,1
4,3,3,3
11199.40300,1690.16398,383.57266,103.30348,155.22941,17.07780,7.05392,
12.57705,2.10314,0.84301,1.01244,0.11682,0.04156
4,3
455.74189,106.48141,32.50784,10.96437,41.64391,3.72798,1.14212
4
28.03443,7.48866,2.26217,0.61010
0.01745,0.12206,0.44123,0.55276,-0.10773,0.64183,0.43035,-0.22849,
0.69550,0.43942,-0.12606,0.62268,0.46779
0.02872,0.18588,0.51183,0.44727,-0.02221,0.51779,0.58251
0.06831,0.29567,0.51672,0.43825
*28,55
5,2,2,0
2,R47,R47,3
C14,C24
6,2,2,1,1
73850.4,10939.2,2504.61,720.706,240.114,86.8503,22.4686,9.50508,
2.57910,1.02958,0.125776,0.046377
4,2
493.637,116.498,36.5669,12.8762,3.54585,1.12160
4,1
27.9859,7.47243,2.25654,0.608474,0.1481
0.00168,0.01307,0.06348,0.21402,0.43926,0.38017,0.43029,0.66975,
0.56554,0.68233,1.0,1.0
0.02496,0.16147,0.45551,0.48263,0.53944,0.59777
0.06637,0.28719,0.50113,0.46566,1.0
2,R47
C14,C25
5,2,2,0
6,2,2,1,1
0.00168,0.01307,0.06348,0.21402,0.43926,0.38017,0.43029,0.66975,
0.56554,0.68233,1.0,1.0
4,2
0.02496,0.16147,0.45551,0.48263,0.53944,0.59777
4,1
0.06756,0.29231,0.51007,0.44986,1.0
2,R47
C14,C24
8,4,3,0
4,2,1,1,1,1,1,1
0.00168,0.01307,0.06348,0.21402,0.43926,0.38017,1.0,1.0,1.0,1.0,1.0,1.0
3,1,1,1
0.02496,0.16147,0.45551,1.0,1.0,1.0
3,1,1
0.09180,0.39719,0.69307,1.0,1.0
*28,58
9,6,3,0
1,R66,R66,1
C16
4,1,1,1,1,1,1,1,1
73850.4,10939.2,2504.61,720.706,240.114,86.8503,22.4686,9.50508,
2.57910,1.02958,0.125776,0.046377
2,1,1,1,1,1
493.637,116.498,36.5669,12.8762,3.54585,1.12160,0.32
3,1,1
27.9859,7.47243,2.25654,0.608474,0.1481
0.00168,0.01307,0.06348,0.21402,1.0,1.0,1.0,1.0,1.0,1.0,1.0,1.0
0.02496,0.16147,1.0,1.0,1.0,1.0,1.0
0.06637,0.28719,0.50113,1.0,1.0
*28,61
8,4,2,0
1,R84,R84,1
C18
6,2,1,1,1,1,1,1
284878.0,41997.9,9627.67,2761.96,920.488,341.805,138.023,59.2587,
20.3712,8.59400,2.39417,0.918169,0.130176,0.046392
5,1,1,2
1774.18,423.403,138.311,53.1703,22.3874,9.92848,4.11625,1.71031,
0.672528
3,1
23.15,6.071,1.725,0.3984
0.00032,0.00246,0.01254,0.04926,0.14950,0.32640,0.40474,0.19186,1.0,1.0,
1.0,1.0,1.0,1.0
0.00295,0.02337,0.10406,0.28226,0.43486,1.0,1.0,0.55273,0.23441
0.082220974,0.32324165,0.50538040,1.0
*28,64
4,2,1,0
2,R18,R18,1
C4,C19
6,3,3,3
37770.0,5594.0,1282.0,385.8,139.4,57.71,16.69,8.732,2.943,2.457,1.130,
0.4477,0.1174,0.05894,0.02428
5,3
543.2,128.1,41.36,15.55,6.053,6.168,2.429,0.8142
5
33.46,9.212,3.039,0.9983,0.3192
0.0038653,0.0287576,0.1274710,0.3482776,0.4508662,0.1823405,0.5148367,
0.4698865,0.0464478,0.4354457,0.5461755,0.0564382,0.4098600,0.5355206,
0.0918411
0.0214277,0.1398505,0.4043256,0.4792907,0.1417085,0.1671593,0.6022782,
0.3487786
0.0519289,0.2377451,0.4453143,0.4278482,0.1836965
*28,66
8,4,2,0
1,R21,R21,4
C7
6,2,1,1,1,1,1,1
284878.0,41997.9,9627.67,2761.96,920.488,341.805,138.023,59.2587,
20.3712,8.59400,2.39417,0.918169,0.130176,0.046392
5,1,1,2
1774.18,423.403,138.311,53.1703,22.3874,9.92848,4.11625,1.71031,
0.672528
3,2
48.9403,13.7169,4.63951,1.57433,0.486409
0.00032,0.00246,0.01254,0.04926,0.14950,0.32640,0.40474,0.19186,1.0,1.0,
1.0,1.0,1.0,1.0
0.00295,0.02337,0.10406,0.28226,0.43486,1.0,1.0,0.55273,0.23441
0.02706,0.14598,0.36418,0.46438,0.33310
0,R21
8,4,2,0
6,2,1,1,1,1,1,1
0.00032,0.00246,0.01254,0.04926,0.14950,0.32640,0.40474,0.19186,1.0,1.0,
1.0,1.0,1.0,1.0
4,2,1,2
0.00295,0.02337,0.10406,0.28226,0.43486,0.29442,1.0,0.55273,0.23441
3,2
0.02706,0.14598,0.36418,0.46438,0.33310
0,R21
8,4,2,0
6,2,1,1,1,1,1,1
0.00032,0.00246,0.01254,0.04926,0.14950,0.32640,0.40474,0.19186,1.0,1.0,
1.0,1.0,1.0,1.0
3,3,1,2
0.00295,0.02337,0.10406,0.28226,0.43486,0.29442,1.0,0.55273,0.23441
3,2
0.02706,0.14598,0.36418,0.46438,0.33310
0,R56
6,3,2,0
6,2,2,2,1,1
0.000637,0.004975,0.025426,0.099283,0.303651,0.656416,0.697249,
0.330504,-0.505209,-0.528052,0.518878,0.521707,1.0,1.0
6,1,2
0.003030,0.023976,0.106726,0.289495,0.446130,0.302356,1.0,0.711948,
0.342998
3,2
0.056859,0.306573,0.765452,0.655955,0.470434
*28,66
8,4,2,0
1,R84,R84,1
C18
6,2,1,1,1,1,1,1
284878.0,41997.9,9627.67,2761.96,920.488,341.805,138.023,59.2587,
20.3712,8.59400,2.39417,0.918169,0.130176,0.046392
5,1,1,2
1774.18,423.403,138.311,53.1703,22.3874,9.92848,4.11625,1.71031,
0.672528
4,1
39.49,10.75,3.475,1.065,0.2641
0.00032,0.00246,0.01254,0.04926,0.14950,0.32640,0.40474,0.19186,1.0,1.0,
1.0,1.0,1.0,1.0
0.00295,0.02337,0.10406,0.28226,0.43486,1.0,1.0,0.55273,0.23441
0.035546080,0.17999630,0.39256029,0.45441831,1.0
*28,71
8,4,2,0
2,R47,R47,3
C14,C24
6,2,1,1,1,1,1,1
284878.0,41997.9,9627.67,2761.96,920.488,341.805,138.023,59.2587,
20.3712,8.59400,2.39417,0.918169,0.130176,0.046392
5,1,1,2
1774.18,423.403,138.311,53.1703,22.3874,9.92848,4.11625,1.71031,
0.672528
5,1
48.9403,13.7169,4.63951,1.57433,0.486409,0.1316
0.00032,0.00246,0.01254,0.04926,0.14950,0.32640,0.40474,0.19186,1.0,1.0,
1.0,1.0,1.0,1.0
0.00295,0.02337,0.10406,0.28226,0.43486,1.0,1.0,0.55273,0.23441
0.02592,0.13980,0.34879,0.44474,0.38182,1.0
2,R47
C14,C25
8,4,2,0
6,2,1,1,1,1,1,1
0.00032,0.00246,0.01254,0.04926,0.14950,0.32640,0.40474,0.19186,1.0,1.0,
1.0,1.0,1.0,1.0
5,1,1,2
0.00295,0.02337,0.10406,0.28226,0.43486,1.0,1.0,0.55273,0.23441
5,1
0.02646,0.14274,0.35611,0.45400,0.35920,1.0
2,R47
C14,C24
8,4,3,0
6,2,1,1,1,1,1,1
0.00032,0.00246,0.01254,0.04926,0.14950,0.32640,0.40474,0.19186,1.0,1.0,
1.0,1.0,1.0,1.0
4,2,1,2
0.00295,0.02337,0.10406,0.28226,0.43486,0.29442,1.0,0.55273,0.23441
4,1,1
0.03296,0.17780,0.44356,0.56560,1.0,1.0
*28,71
8,4,3,0
1,R84,R84,1
C18
6,2,1,1,1,1,1,1
284878.0,41997.9,9627.67,2761.96,920.488,341.805,138.023,59.2587,
20.3712,8.59400,2.39417,0.918169,0.130176,0.046392
5,1,1,2
1774.18,423.403,138.311,53.1703,22.3874,9.92848,4.11625,1.71031,
0.672528
4,1,1
58.73,16.71,5.783,2.064,0.6752,0.1825
0.00032,0.00246,0.01254,0.04926,0.14950,0.32640,0.40474,0.19186,1.0,1.0,
1.0,1.0,1.0,1.0
0.00295,0.02337,0.10406,0.28226,0.43486,1.0,1.0,0.55273,0.23441
0.017529262,0.10040505,0.27609199,0.40347671,1.0,1.0
*28,78
11,8,3,0
1,R86,R86,1
C18
5,1,1,1,1,1,1,1,1,1,1
284878.0,41997.9,9627.67,2761.96,920.488,341.805,138.023,59.2587,
20.3712,8.59400,2.39417,0.918169,0.346,0.130176,0.046392
4,1,1,1,1,1,1,1
1774.18,423.403,138.311,53.1703,22.3874,9.92848,4.11625,1.71031,
0.672528,0.264,0.104
4,1,1
48.9403,13.7169,4.63951,1.57433,0.486409,0.1316
0.00032,0.00246,0.01254,0.04926,0.14950,1.0,1.0,1.0,1.0,1.0,1.0,1.0,1.0,
1.0,1.0
0.00295,0.02337,0.10406,0.28226,1.0,1.0,1.0,1.0,1.0,1.0,1.0
0.02706,0.14598,0.36418,0.46438,1.0,1.0
*28,81
11,9,4,0
1,R66,R66,1
C18
5,1,1,1,1,1,1,1,1,1,1
284878.0,41997.9,9627.67,2761.96,920.488,341.805,138.023,59.2587,
20.3712,8.59400,2.39417,0.918169,0.35,0.130176,0.046392
4,1,1,1,1,1,1,1,1
1774.18,423.403,138.311,53.1703,22.3874,9.92848,4.11625,1.71031,
0.672528,0.32,0.146588,0.044447
3,1,1,1
48.9403,13.7169,4.63951,1.57433,0.486409,0.1316
0.00032,0.00246,0.01254,0.04926,0.14950,1.0,1.0,1.0,1.0,1.0,1.0,1.0,1.0,
1.0,1.0
0.00295,0.02337,0.10406,0.28226,1.0,1.0,1.0,1.0,1.0,1.0,1.0,1.0
0.02592,0.13980,0.34879,1.0,1.0,1.0
*28,82
4,3,2,0
1,R83,R83,1
C12
6,3,3,4
37770.0,5594.0,1282.0,385.8,139.4,57.71,16.69,8.732,2.943,2.457,1.130,
0.4477,0.22,0.11,0.055,0.0275
5,3,4
543.2,128.1,41.36,15.55,6.053,6.168,2.429,0.8142,0.4,0.2,0.1,0.05
5,1
33.46,9.212,3.039,0.9983,0.3192,0.1
0.0038653,0.0287576,0.1274710,0.3482776,0.4508662,0.1823405,0.5148367,
0.4698865,0.0464478,0.4354457,0.5461755,0.0564382,-0.2896,1.967,-1.015,
0.3027
0.0214277,0.1398505,0.4043256,0.4792907,0.1417085,0.1671593,0.6022782,
0.3487786,-0.1336,0.7584,0.3495,0.03903
0.0519289,0.2377451,0.4453143,0.4278482,0.1836965,1.0
                                                                  COPPER
*29,66
1,1,1,0
0,R46,0,0
14
0.31025293E+06,0.46637712E+05,0.10652747E+05,0.30459213E+04,
0.10115187E+04,0.37452120E+03,0.15089684E+03,0.64633174E+02,
0.22117173E+02,0.93453475E+01,0.25692979E+01,0.10124632E+01,
0.13828203E+00,0.48874680E-01
9
0.20336501E+04,0.48471107E+03,0.15802207E+03,0.60562742E+02,
0.25387743E+02,0.11172029E+02,0.45361622E+01,0.18931355E+01,
0.72779079E+00
5
0.53555631E+02,0.15101581E+02,0.50892342E+01,0.17406786E+01,
0.51338127E+00
*29,39
3,2,2,0
2,R29,R29,1
C2,C32
5,2,2
34677.9,5275.88,1217.27,348.010,111.982,26.9098,11.3757,2.86660,
1.12305
3,2
291.007,67.1702,19.7789,5.25234,1.54758
2,1
17.0869,4.26917,1.02366
0.00465,0.03435,0.15491,0.42041,0.47491,0.30688,0.76255,0.50864,0.73043
0.06501,0.34925,0.62468,0.34606,0.77927
0.16185,0.50524,1.0
*29,45
4,2,1,0
0,R64,R64,1
3,3,3,3
4132.49022,625.18372,136.90691,183.09388,17.12873,6.95373,13.99998,
2.25226,0.86044,0.84169,0.08597,0.03223
3,3
235.39887,53.95345,15.47031,42.14736,4.01709,1.21632
3
15.65216,3.85049,0.86752
0.06322,0.37500,0.68293,-0.10472,0.70361,0.36330,-0.22412,0.70546,
0.42850,-0.09149,0.51061,0.56081
0.09105,0.44560,0.61889,-0.02964,0.50900,0.59400
0.17250,0.51091,0.60402
*29,45
4,2,1,0
0,R64,R64,1
3,3,3,3
4126.13551,624.65549,136.86771,182.75912,17.16882,6.98620,13.90440,
2.29626,0.90821,1.05594,0.11815,0.04230
3,3
235.87424,54.08219,15.50002,41.73675,4.08966,1.26128
3
16.80975,4.19027,0.99621
0.06332,0.37515,0.68269,-0.10477,0.70043,0.36654,-0.22786,0.68920,
0.44530,-0.12144,0.59659,0.49085
0.09075,0.44475,0.61992,-0.02900,0.50018,0.59994
0.16510,0.50981,0.59842
*29,46
4,2,1,0
1,R89,R89,1
C21
4,3,3,3
12003.93100,1812.21007,411.65151,111.01203,167.25666,18.41442,7.62100,
13.81287,2.24220,0.85904,0.77343,0.08410,0.03138
3,3
234.55795,53.83303,15.45071,42.45180,4.01323,1.21524
3
15.62982,3.84525,0.86640
0.01748,0.12217,0.44119,0.55255,-0.10815,0.64648,0.42569,-0.22442,
0.71351,0.42113,-0.08586,0.54107,0.53114
0.09146,0.44616,0.61799,-0.02953,0.50969,0.59328
0.17270,0.51102,0.60379
*29,46
4,2,1,0
1,R89,R89,1
C28
4,3,3,3
12002.96200,1812.22316,411.71217,111.03792,167.22441,18.42900,7.63480,
13.74540,2.27687,0.90127,1.01390,0.11860,0.04240
3,3
235.04595,53.94069,15.47594,41.80034,4.07862,1.25821
3
16.79543,4.18690,0.99530
0.01748,0.12216,0.44112,0.55262,-0.10817,0.64518,0.42697,0.22728,
-0.70196,-0.43278,-0.11485,0.59838,0.48862
0.09118,0.44547,0.61884,-0.02907,0.50192,0.59823
0.16519,0.50984,0.59036
*29,50
5,2,2,0
2,R29,R29,2
C2,C4
6,2,2,1,1
76569.1,11944.7,2726.44,785.697,261.625,94.3546,24.5815,10.4216,
2.80706,1.12010,0.131029,0.047955
4,2
537.269,127.621,39.9997,14.0748,3.88005,1.22287
3,1
30.5295,8.19102,2.47533,0.664120
0.00170,0.01270,0.06257,0.21049,0.43768,0.38499,0.41804,0.68014,
0.56194,0.68482,1.0,1.0
0.02448,0.15879,0.45462,0.48509,0.54123,0.59697
0.06979,0.29980,0.51670,1.0
3,R29
C2,C4,C7
8,4,2,0
4,2,1,1,1,1,1,1
0.00170,0.01270,0.06257,0.21049,0.43768,0.38499,1.0,1.0,1.0,1.0,1.0,1.0
3,1,1,1
0.02448,0.15879,0.45462,1.0,1.0,1.0
3,1
0.06979,0.29980,0.51670,1.0
*29,50
4,2,1,0
0,R64,R64,1
3,3,3,3
4132.49022,625.18372,136.90691,183.09388,17.12873,6.95373,13.99998,
2.25226,0.86044,0.84169,0.08597,0.03223
3,3
235.39887,53.95345,15.47031,42.14736,4.01709,1.21632
4
28.73712,7.64043,2.25167,0.56658
0.06322,0.37500,0.68293,-0.10467,0.70265,0.36427,-0.22421,0.70708,
0.42694,-0.08484,0.61908,0.45146
0.09101,0.44527,0.61923,-0.02921,0.50957,0.59340
0.07336,0.30683,0.51207,0.44837
*29,50
4,2,1,0
0,R64,R64,1
3,3,3,3
4126.13551,624.65549,136.86771,182.75912,17.16882,6.98620,13.90440,
2.29626,0.90821,1.05594,0.11815,0.04230
3,3
235.87424,54.08219,15.50002,41.73675,4.08966,1.26128
4
30.60636,8.20048,2.47741,0.66574
0.06332,0.37515,0.68269,-0.10473,0.69965,0.36732,-0.22806,0.69105,
0.44356,-0.11596,0.65071,0.43507
0.09072,0.44447,0.62019,-0.02867,0.50081,0.59929
0.06965,0.29981,0.51685,0.43436
*29,54
4,2,1,0
1,R89,R89,1
C21
4,3,3,3
11901.91700,1802.84331,410.72130,110.91181,167.83708,18.24447,7.48671,
13.81524,2.22960,0.85996,0.91788,0.09217,0.03316
4,3
485.34916,113.70531,34.82864,11.79948,45.94963,4.02529,1.20961
4
28.72223,7.63462,2.24888,0.56497
0.01764,0.12261,0.44119,0.55197,-0.10778,0.65712,0.41505,-0.22432,
0.71868,0.41511,-0.09319,0.57582,0.50010
0.02930,0.18869,0.51465,0.44088,-0.02301,0.52484,0.57843
0.07337,0.30693,0.51187,0.44890
*29,54
4,2,1,0
1,R89,R89,1
C28
4,3,3,3
12002.85300,1812.31074,411.71790,111.02179,167.14034,18.41588,7.61064,
13.74996,2.27011,0.90315,1.09740,0.12338,0.04335
4,3
485.91557,113.89707,34.91093,11.82910,45.42368,4.07969,1.24707
4
30.61404,8.20834,2.48075,0.66564
0.01748,0.12214,0.44110,0.55267,-0.10813,0.64559,0.42670,0.22757,
-0.70510,-0.42923,-0.12248,0.62032,0.46922
0.02924,0.18816,0.51386,0.44212,-0.02250,0.51940,0.58132
0.06956,0.29932,0.51645,0.43555
*29,55
5,2,2,0
2,R47,R47,2
C14,C23
6,2,2,1,1
76569.1,11944.7,2726.44,785.697,261.625,94.3546,24.5815,10.4216,
2.80706,1.12010,0.131029,0.047955
4,2
537.269,127.621,39.9997,14.0748,3.88005,1.22287
4,1
30.5295,8.19102,2.47533,0.664120,0.1682
0.00170,0.01270,0.06257,0.21049,0.43768,0.38499,0.41804,0.68014,
0.56194,0.68482,1.0,1.0
0.02448,0.15879,0.45462,0.48509,0.54123,0.59697
0.06923,0.29740,0.51256,0.44230,1.0
2,R47
C14,C23
8,4,3,0
4,2,1,1,1,1,1,1
0.00170,0.01270,0.06257,0.21049,0.43768,0.38499,1.0,1.0,1.0,1.0,1.0,1.0
3,1,1,1
0.02448,0.15879,0.45462,1.0,1.0,1.0
3,1,1
0.09315,0.40016,0.68967,1.0,1.0
*29,61
8,4,2,0
1,R84,R84,1
C18
6,2,1,1,1,1,1,1
337200.0,50072.9,11373.4,3239.82,1071.97,395.099,158.399,67.3591,
22.2983,9.39357,2.57848,0.964080,0.113303,0.040791
5,1,1,2
2245.29,532.106,172.195,65.3239,27.0551,11.7435,4.69382,1.90667,
0.711445
3,1
26.22,6.857,1.955,0.4472
0.00028,0.00217,0.01122,0.04462,0.13836,0.31255,0.41060,0.21453,1.0,1.0,
1.0,1.0,1.0,1.0
0.00226,0.01841,0.08646,0.25450,0.43419,1.0,1.0,0.56936,0.24702
0.080728591,0.32300024,0.50829750,1.0
*29,64
4,2,1,0
2,R18,R18,1
C4,C19
6,3,3,3
36540.0,5333.0,1229.0,392.0,157.3,66.40,18.92,10.49,3.510,2.881,1.504,
0.6334,0.1269,0.06575,0.02122
5,3
619.1,145.6,46.95,17.62,6.864,6.998,2.857,0.9671
5
39.07,10.84,3.563,1.165,0.3607
0.0043786,0.0329059,0.1418487,0.3296292,0.4139825,0.2183918,0.4221836,
0.5306048,0.0821647,0.2929352,0.5945407,0.1506183,0.4161844,0.5327950,
0.0932920
0.0196433,0.1306714,0.3909932,0.4877652,0.1566550,0.1578662,0.5722917,
0.3932863
0.0466869,0.2201210,0.4371587,0.4355233,0.2131207
*29,66
8,4,2,0
2,R21,R21,4
C7,C21
6,2,1,1,1,1,1,1
337200.0,50072.9,11373.4,3239.82,1071.97,395.099,158.399,67.3591,
22.2983,9.39357,2.57848,0.964080,0.113303,0.040791
5,1,1,2
2245.29,532.106,172.195,65.3239,27.0551,11.7435,4.69382,1.90667,
0.711445
3,2
48.5439,13.5490,4.51628,1.47329,0.414875
0.00028,0.00217,0.01122,0.04462,0.13836,0.31255,0.41060,0.21453,1.0,1.0,
1.0,1.0,1.0,1.0
0.00226,0.01841,0.08646,0.25450,0.43419,1.0,1.0,0.56936,0.24702
0.03097,0.16196,0.37812,0.45866,0.33574
1,R21
C21
8,4,2,0
6,2,1,1,1,1,1,1
0.00028,0.00217,0.01122,0.04462,0.13836,0.31255,0.41060,0.21453,1.0,1.0,
1.0,1.0,1.0,1.0
4,2,1,2
0.00226,0.01841,0.08646,0.25450,0.43419,0.33390,1.0,0.56936,0.24702
3,2
0.03097,0.16196,0.37812,0.45866,0.33574
1,R21
C21
8,4,2,0
6,2,1,1,1,1,1,1
0.00028,0.00217,0.01122,0.04462,0.13836,0.31255,0.41060,0.21453,1.0,1.0,
1.0,1.0,1.0,1.0
3,3,1,2
0.00226,0.01841,0.08646,0.25450,0.43419,0.33390,1.0,0.56936,0.24702
3,2
0.03097,0.16196,0.37812,0.45866,0.33574
1,R56
C21
6,3,2,0
6,2,2,2,1,1
0.000594,0.004641,0.024138,0.095282,0.298499,0.665730,0.676107,
0.353227,-0.488620,-0.544659,0.533016,0.509589,1.0,1.0
6,1,2
0.002330,0.019021,0.089320,0.262925,0.448653,0.345358,1.0,0.720519,
0.339672
3,2
0.061609,0.322210,0.752834,0.660954,0.482928
*29,66
8,4,2,0
2,R21,R21,3
C7,C28
6,2,1,1,1,1,1,1
307637.0,46592.9,10651.1,3043.31,1010.62,374.252,150.796,64.6268,
22.1381,9.34746,2.60863,0.997212,0.140120,0.049361
5,1,1,2
2026.05,484.207,157.803,60.4844,25.3593,11.1685,4.56411,1.88440,
0.734735
3,2
53.6478,15.0747,5.10392,1.72743,0.528322
0.00031,0.00236,0.01213,0.04791,0.14652,0.32298,0.40665,0.19742,1.0,1.0,
1.0,1.0,1.0,1.0
0.00267,0.02133,0.09690,0.27103,0.43492,1.0,1.0,0.55762,0.23633
0.02727,0.14780,0.36659,0.46395,0.33154
1,R21
C28
8,4,2,0
6,2,1,1,1,1,1,1
0.00031,0.00236,0.01213,0.04791,0.14652,0.32298,0.40665,0.19742,1.0,1.0,
1.0,1.0,1.0,1.0
4,2,1,2
0.00267,0.02133,0.09690,0.27103,0.43492,0.30995,1.0,0.55762,0.23633
3,2
0.02727,0.14780,0.36659,0.46395,0.33154
1,R21
C28
8,4,2,0
6,2,1,1,1,1,1,1
0.00031,0.00236,0.01213,0.04791,0.14652,0.32298,0.40665,0.19742,1.0,1.0,
1.0,1.0,1.0,1.0
3,3,1,2
0.00267,0.02133,0.09690,0.27103,0.43492,0.30995,1.0,0.55762,0.23633
3,2
0.02727,0.14780,0.36659,0.46395,0.33154
*29,66
8,4,2,0
1,R84,R84,1
C18
6,2,1,1,1,1,1,1
337200.0,50072.9,11373.4,3239.82,1071.97,395.099,158.399,67.3591,
22.2983,9.39357,2.57848,0.964080,0.113303,0.040791
5,1,1,2
2245.29,532.106,172.195,65.3239,27.0551,11.7435,4.69382,1.90667,
0.711445
4,1
43.66,11.97,3.916,1.222,0.3066
0.00028,0.00217,0.01122,0.04462,0.13836,0.31255,0.41060,0.21453,1.0,1.0,
1.0,1.0,1.0,1.0
0.00226,0.01841,0.08646,0.25450,0.43419,1.0,1.0,0.56936,0.24702
0.035693464,0.18026324,0.38961011,0.45079852,1.0
*29,71
8,4,2,0
2,R47,R47,2
C14,C23
6,2,1,1,1,1,1,1
307637.0,46592.9,10651.1,3043.31,1010.62,374.252,150.796,64.6268,
22.1381,9.34746,2.60863,0.997212,0.140120,0.049361
5,1,1,2
2026.05,484.207,157.803,60.4844,25.3593,11.1685,4.56411,1.88440,
0.734735
5,1
53.6478,15.0747,5.10392,1.72743,0.528322,0.1491
0.00031,0.00236,0.01213,0.04791,0.14652,0.32298,0.40665,0.19742,1.0,1.0,
1.0,1.0,1.0,1.0
0.00267,0.02133,0.09690,0.27103,0.43492,1.0,1.0,0.55762,0.23633
0.02680,0.14525,0.36028,0.45597,0.35197,1.0
2,R47
C14,C23
8,4,3,0
6,2,1,1,1,1,1,1
0.00031,0.00236,0.01213,0.04791,0.14652,0.32298,0.40665,0.19742,1.0,1.0,
1.0,1.0,1.0,1.0
4,2,1,2
0.00267,0.02133,0.09690,0.27103,0.43492,0.30995,1.0,0.55762,0.23633
4,1,1
0.03311,0.17945,0.44509,0.56330,1.0,1.0
*29,71
8,4,3,0
1,R84,R84,1
C18
6,2,1,1,1,1,1,1
337200.0,50072.9,11373.4,3239.82,1071.97,395.099,158.399,67.3591,
22.2983,9.39357,2.57848,0.964080,0.113303,0.040791
5,1,1,2
2245.29,532.106,172.195,65.3239,27.0551,11.7435,4.69382,1.90667,
0.711445
4,1,1
65.80,18.82,6.538,2.348,0.7691,0.2065
0.00028,0.00217,0.01122,0.04462,0.13836,0.31255,0.41060,0.21453,1.0,1.0,
1.0,1.0,1.0,1.0
0.00226,0.01841,0.08646,0.25450,0.43419,1.0,1.0,0.56936,0.24702
0.017078863,0.099155450,0.27475380,0.40400844,1.0,1.0
                                                                    ZINC
*30,66
1,1,1,0
0,R46,0,0
14
0.32267910E+06,0.48663558E+05,0.11166082E+05,0.32088831E+04,
0.10695126E+04,0.39666584E+03,0.15992496E+03,0.68610341E+02,
0.23690661E+02,0.10038526E+02,0.27728690E+01,0.10871093E+01,
0.14532845E+00,0.50745900E-01
9
0.22085972E+04,0.52803016E+03,0.17254422E+03,0.66149786E+02,
0.27715181E+02,0.12190621E+02,0.49602890E+01,0.20663549E+01,
0.79142986E+00
5
0.58305471E+02,0.16474188E+02,0.55608782E+01,0.18975641E+01,
0.55727732E+00
*30,39
3,2,2,0
2,R29,R29,1
C2,C32
5,2,2
38011.5,5747.45,1319.99,376.889,121.439,29.3363,12.4537,3.14422,
1.22736
3,2
313.159,72.3356,21.3328,5.63023,1.66578
2,1
18.6112,4.66051,1.11441
0.00453,0.03375,0.15322,0.41726,0.47776,0.29240,0.77213,0.49468,0.74296
0.06510,0.35034,0.62520,0.35650,0.77053
0.16462,0.50842,1.0
*30,45
4,2,1,0
0,R64,R64,1
3,3,3,3
4418.99559,669.33007,146.75952,196.39044,18.47491,7.51554,15.10963,
2.48461,0.97737,1.13714,0.12334,0.04382
3,3
254.96314,58.49315,16.79571,45.13622,4.46150,1.37168
3
18.45185,4.61024,1.09350
0.06329,0.37494,0.68282,-0.10516,0.70337,0.36368,-0.22697,0.69133,
0.44296,-0.11835,0.59361,0.49259
0.09033,0.44468,0.61989,-0.02933,0.50063,0.60005
0.16626,0.51103,0.59685
*30,46
4,2,1,0
0,R89,R89,1
4,3,3,3
12838.77800,1939.17006,440.93286,119.04601,179.56987,19.82598,8.21422,
14.92791,2.46648,0.97128,1.08141,0.12401,0.04395
3,3
253.83366,58.30337,16.76452,45.49078,4.44804,1.36808
3
18.43240,4.60574,1.09239
0.01750,0.12220,0.44097,0.55259,-0.10856,0.64838,0.42391,0.22683,
-0.70293,-0.43183,-0.11128,0.59492,0.49108
0.09087,0.44554,0.61857,-0.02931,0.50246,0.59818
0.16639,0.51111,0.59670
*30,50
5,2,2,0
2,R29,R29,2
C2,C4
6,2,2,1,1
82831.3,12711.4,2919.19,836.851,277.916,100.822,26.4643,11.2290,
3.03908,1.20441,0.140711,0.050700
4,2
595.547,140.104,43.8249,15.4003,4.24035,1.33289
3,1
33.6927,9.05781,2.73823,0.731228
0.00170,0.01277,0.06254,0.21289,0.43842,0.38157,0.42031,0.67925,
0.56878,0.68061,1.0,1.0
0.02351,0.15575,0.45184,0.48964,0.54031,0.59865
0.06952,0.30021,0.51677,1.0
3,R29
C2,C4,C7
8,4,2,0
4,2,1,1,1,1,1,1
0.00170,0.01277,0.06254,0.21289,0.43842,0.38157,1.0,1.0,1.0,1.0,1.0,1.0
3,1,1,1
0.02351,0.15575,0.45184,1.0,1.0,1.0
3,1
0.06952,0.30021,0.51677,1.0
*30,50
4,2,1,0
0,R64,R64,1
3,3,3,3
4418.99559,669.33007,146.75952,196.39044,18.47491,7.51554,15.10963,
2.48461,0.97737,1.13714,0.12334,0.04382
3,3
254.96314,58.49315,16.79571,45.13622,4.46150,1.37168
4
33.67194,9.05771,2.73982,0.73304
0.06329,0.37494,0.68282,-0.10512,0.70253,0.36454,-0.22713,0.69326,
0.44112,-0.11244,0.64983,0.43454
0.09030,0.44438,0.62019,-0.02898,0.50126,0.59939
0.06957,0.30003,0.51655,0.43510
*30,54
4,2,1,0
0,R89,R89,1
4,3,3,3
12838.19400,1939.18903,440.92411,119.02647,179.46791,19.81290,8.18921,
14.93354,2.45812,0.97304,1.18291,0.12953,0.04504
4,3
519.11459,121.83170,37.43978,12.73124,49.41241,4.44378,1.35486
4
33.68740,9.06147,2.74053,0.73211
0.01750,0.12219,0.44096,0.55263,-0.10851,0.64868,0.42375,0.22711,
-0.70658,-0.42771,-0.11915,0.61710,0.47147
0.02959,0.18998,0.51577,0.43775,-0.02278,0.52079,0.58038
0.06949,0.29985,0.51635,0.43585
*30,66
8,4,2,0
1,R21,R21,4
C7
6,2,1,1,1,1,1,1
316336.0,48561.0,11157.4,3205.01,1068.58,396.394,159.806,68.5890,
23.7081,10.0372,2.81043,1.06964,0.146951,0.051142
5,1,1,2
2213.18,527.050,172.293,66.0814,27.6863,12.1841,4.98796,2.05791,
0.798609
3,2
58.4084,16.4492,5.57570,1.88441,0.572305
0.00032,0.00242,0.01241,0.04864,0.14807,0.32526,0.40612,0.19345,1.0,1.0,
1.0,1.0,1.0,1.0
0.00262,0.02091,0.09501,0.26855,0.43542,1.0,1.0,0.55852,0.23768
0.02759,0.14994,0.36929,0.46343,0.32865
0,R21
8,4,2,0
6,2,1,1,1,1,1,1
0.00032,0.00242,0.01241,0.04864,0.14807,0.32526,0.40612,0.19345,1.0,1.0,
1.0,1.0,1.0,1.0
4,2,1,2
0.00262,0.02091,0.09501,0.26855,0.43542,0.31258,1.0,0.55852,0.23768
3,2
0.02759,0.14994,0.36929,0.46343,0.32865
0,R21
8,4,2,0
6,2,1,1,1,1,1,1
0.00032,0.00242,0.01241,0.04864,0.14807,0.32526,0.40612,0.19345,1.0,1.0,
1.0,1.0,1.0,1.0
3,3,1,2
0.00262,0.02091,0.09501,0.26855,0.43542,0.31258,1.0,0.55852,0.23768
3,2
0.02759,0.14994,0.36929,0.46343,0.32865
0,R56
6,3,2,0
6,2,2,2,1,1
0.000654,0.004924,0.025313,0.098615,0.302578,0.658052,0.696207,
0.331616,-0.506964,-0.526042,0.528905,0.512277,1.0,1.0
6,1,2
0.002693,0.021532,0.097795,0.276427,0.448301,0.322093,1.0,0.715391,
0.340737
3,2
0.056952,0.309412,0.762655,0.660674,0.468541
                                                                 GALLIUM
*31,54
4,3,1,0
0,R91,R91,1
3,3,3,3
4734.41355,717.03507,157.21175,210.73599,19.80157,8.05193,16.35935,
2.65530,1.06085,1.36765,0.17557,0.06392
3,3,3
274.38968,62.99802,18.18102,49.28530,4.87363,1.54803,3.50273,0.22420,
0.06333
3
21.01067,5.35109,1.32896
0.06309,0.37424,0.68356,-0.10547,0.70740,0.35963,-0.22833,0.71475,
0.41843,-0.15175,0.63645,0.46415
0.09025,0.44471,0.61916,-0.02996,0.49982,0.59638,-0.01665,0.40308,
0.69855
0.16409,0.51096,0.58838
*31,72
1,1,1,0
1,R46,0,0
C39
14
0.33787828E+06,0.50752412E+05,0.11615305E+05,0.33277461E+04,
0.11169600E+04,0.41969292E+03,0.16976731E+03,0.72810922E+02,
0.25203814E+02,0.10701473E+02,0.28450480E+01,0.11489909E+01,
0.18671257E+00,0.64029371E-01
11
0.23650623E+04,0.57547163E+03,0.18782203E+03,0.71837946E+02,
0.30017139E+02,0.13216021E+02,0.55003630E+01,0.22875223E+01,
0.91113399E+00,0.23851552E+00,0.69699475E-01
5
0.63559794E+02,0.17878682E+02,0.60653341E+01,0.20718141E+01,
0.64216119E+00
*31,72
1,1,1,0
1,R45,0,0
C38
14
457600.0,68470.0,15590.0,4450.0,1472.0,541.3,214.8,88.81,27.18,11.54,
3.303,1.334,0.1947,0.07158
11
3274.0,765.4,241.6,89.39,36.36,15.60,6.472,2.748,1.090,0.2202,0.06130
5
59.66,17.10,6.030,2.171,0.6844
                                                               GERMANIUM
*32,54
4,3,1,0
0,R91,R91,1
3,3,3,3
5051.83305,765.60521,167.92334,224.89110,21.17763,8.60725,17.80747,
2.83908,1.15055,1.56709,0.22753,0.08390
3,3,3
293.42083,67.61106,19.57164,51.45157,5.48857,1.76997,3.74397,0.27991,
0.08399
3
24.19805,6.19837,1.58341
0.06300,0.37380,0.68395,-0.10575,0.71096,0.35613,-0.22737,0.73090,
0.39992,-0.17525,0.65370,0.45949
0.09040,0.44478,0.61848,-0.02837,0.48023,0.61319,-0.02791,0.47089,
0.63015
0.15871,0.51173,0.58485
*32,72
1,1,1,0
1,R46,0,0
C39
14
0.34829983E+06,0.52638120E+05,0.12018361E+05,0.34069513E+04,
0.11576986E+04,0.44218500E+03,0.18004457E+03,0.76507828E+02,
0.26770910E+02,0.11435462E+02,0.30234744E+01,0.11592747E+01,
0.24169500E+00,0.82681607E-01
11
0.25817507E+04,0.62099837E+03,0.20371766E+03,0.77571676E+02,
0.32385019E+02,0.14248326E+02,0.60107876E+01,0.25615088E+01,
0.10612959E+01,0.28263196E+00,0.84550953E-01
5
0.68530208E+02,0.19356442E+02,0.66000139E+01,0.22884093E+01,
0.74114888E+00
*32,72
1,1,1,0
1,R45,0,0
C38
14
489000.0,73100.0,16640.0,4742.0,1569.0,577.0,229.0,94.81,29.22,12.45,
3.642,1.502,0.2462,0.09209
11
3596.0,843.7,266.2,98.28,39.93,17.14,7.157,3.068,1.246,0.2795,0.08340
5
70.18,20.07,7.059,2.553,0.8301
*32,65
7,5,3,0
1,R45,R76,1
C38
6,1,2,1,1,1,1
229800.0,34650.0,7894.0,2252.0,750.1,276.9,107.4,30.19,12.89,3.707,
1.536,0.2505,0.09508
5,1,1,1,1
1455.0,337.8,106.4,38.89,15.37,5.12,1.821,0.4304,0.1129
3,1,1
70.18,20.07,7.059,2.553,0.8301
0.000807,0.006198,0.031807,0.121024,0.337981,0.604257,1.0,0.409018,
0.621936,1.0,1.0,1.0,1.0
0.007019,0.055304,0.228307,0.478761,0.396976,1.0,1.0,1.0,1.0
0.058710,0.316595,0.750132,1.0,1.0
                                                                 ARSENIC
*33,54
4,3,1,0
0,R91,R91,1
3,3,3,3
5373.14930,814.78055,178.87522,239.79458,22.62844,9.19347,19.15505,
3.04553,1.24742,1.80148,0.28185,0.10550
3,3,3
314.18656,72.50029,21.05251,54.49322,6.05515,1.98879,4.03778,0.34465,
0.10735
3
27.29366,7.05451,1.84965
0.06302,0.37369,0.68395,-0.10606,0.71297,0.35423,-0.22929,0.74777,
0.38296,-0.19726,0.66024,0.46353
0.09024,0.44456,0.61828,-0.02795,0.47159,0.61908,-0.03641,0.50577,
0.59335
0.15545,0.51179,0.58110
*33,65
1,1,1,0
1,R45,0,0
C38
13
243300.0,36870.0,8426.0,2400.0,798.3,295.1,114.7,32.43,13.91,4.077,
1.723,0.3047,0.1169
9
1586.0,367.6,115.3,42.06,16.63,5.578,2.003,0.4384,0.1304
5
81.59,23.26,8.148,2.954,0.9827
*33,72
1,1,1,0
1,R45,0,0
C38
14
526200.0,78310.0,17800.0,5070.0,1677.0,617.0,245.0,101.5,31.39,13.43,
4.000,1.683,0.3003,0.1137
11
3909.0,924.0,291.8,107.5,43.62,18.73,7.841,3.391,1.405,0.3441,0.1068
5
81.59,23.26,8.148,2.954,0.9827
*33,72
1,1,1,0
1,R46,0,0
C39
14
0.37320114E+06,0.54939828E+05,0.12270628E+05,0.35380098E+04,
0.12181928E+04,0.46485293E+03,0.18943229E+03,0.81750786E+02,
0.28832745E+02,0.12454377E+02,0.36770034E+01,0.15528644E+01,
0.29114440E+00,0.10723237E+00
11
0.27828579E+04,0.66903839E+03,0.21879847E+03,0.83489814E+02,
0.34920496E+02,0.15487382E+02,0.65701625E+01,0.28418804E+01,
0.12104192E+01,0.32824963E+00,0.10336132E+00
5
0.73628600E+02,0.20889486E+02,0.72176524E+01,0.25693044E+01,
0.86394070E+00
                                                                SELENIUM
*34,54
4,3,1,0
0,R91,R91,1
3,3,3,3
5715.38313,866.51303,190.30059,255.23194,24.11743,9.81016,20.57072,
3.26003,1.34144,1.99401,0.34561,0.13017
3,3,3
334.71076,77.57597,22.61235,58.64604,6.58902,2.20366,4.50393,0.41935,
0.12751
3
30.33647,7.90696,2.12105
0.06291,0.37333,0.68429,-0.10632,0.71498,0.35219,-0.23096,0.76658,
0.36426,-0.21281,0.65746,0.47783
0.09028,0.44372,0.61840,-0.02808,0.46930,0.61892,-0.04306,0.51696,
0.58734
0.15381,0.51289,0.57605
*34,65
1,1,1,0
1,R45,0,0
C38
13
257900.0,39020.0,8960.0,2550.0,846.3,313.3,122.1,34.76,14.97,4.468,
1.921,0.3631,0.1398
9
1724.0,400.3,125.1,45.49,18.00,6.077,2.213,0.4834,0.1441
5
94.03,26.79,9.336,3.383,1.145
*34,72
1,1,1,0
1,R45,0,0
C38
14
560600.0,84010.0,19030.0,5419.0,1792.0,659.5,262.0,108.6,33.66,14.45,
4.378,1.876,0.3592,0.1367
11
4114.0,980.4,310.7,114.2,46.26,19.87,8.309,3.598,1.522,0.4032,0.1231
5
94.03,26.79,9.336,3.383,1.145
*34,72
1,1,1,0
1,R46,0,0
C39
14
0.37306446E+06,0.55085136E+05,0.12592846E+05,0.36990587E+04,
0.12778199E+04,0.48670467E+03,0.19868055E+03,0.86130510E+02,
0.30724106E+02,0.13325367E+02,0.41032034E+01,0.17601313E+01,
0.35289610E+00,0.13156828E+00
11
0.29755937E+04,0.71371651E+03,0.23389930E+03,0.89312837E+02,
0.37337754E+02,0.16583433E+02,0.71251567E+01,0.31039538E+01,
0.13391010E+01,0.38754677E+00,0.11999207E+00
5
0.78719591E+02,0.22536071E+02,0.78875873E+01,0.28637803E+01,
0.99034461E+00
*34,61
5,4,2,0
0,R93,R93,1
6,2,2,1,1
110166.0,16454.0,3772.5,1096.0,369.448,135.783,34.47,15.1604,4.40667,
1.92114,0.38505,0.15
4,2,1,1
787.2,186.702,59.3369,21.3502,6.61516,2.31882,0.386413,0.12
4,1
49.208,13.7737,4.45,1.4,0.33
0.00166,0.01280,0.06176,0.20702,0.42560,0.39446,0.40930,0.67456,
0.48930,0.75122,1.0,1.0
0.02310,0.15197,0.44110,0.48726,0.45975,0.65091,1.0,1.0
0.07258,0.31279,0.52895,0.36502,1.0
                                                                 BROMINE
*35,54
4,3,1,0
0,R91,R91,1
3,3,3,3
6056.16497,918.96445,201.95153,271.08548,25.64521,10.42605,22.00266,
3.51591,1.47196,2.29982,0.39404,0.14891
3,3,3
357.75879,82.99850,24.22208,58.80826,7.38264,2.48846,4.91469,0.49001,
0.14913
3
33.65964,8.83353,2.41386
0.06292,0.37320,0.68434,-0.10659,0.71758,0.34967,-0.23334,0.77093,
0.36035,-0.23248,0.69098,0.45098
0.08978,0.44305,0.61909,-0.02696,0.45008,0.63644,-0.05456,0.53523,
0.57153
0.15137,0.51292,0.57342
*35,55
4,3,1,0
0,R91,R91,1
4,3,3,3
17548.57600,2662.93450,608.75893,164.73326,249.60059,27.27452,11.29386,
21.66133,3.52265,1.48875,2.29982,0.39404,0.14891
3,3,3
358.38429,83.09605,24.24066,58.86345,7.36869,2.48501,4.91466,0.48979,
0.14902
3
33.71618,8.84532,2.41595
0.01744,0.12092,0.43713,0.55694,-0.10962,0.67179,0.40031,-0.23543,
0.77236,0.36049,-0.22710,0.69205,0.44808
0.08959,0.44281,0.61949,-0.02710,0.45108,0.63544,-0.05438,0.53536,
0.57143
0.15102,0.51264,0.57400
*35,65
1,1,1,0
1,R45,0,0
C38
13
274400.0,41070.0,9449.0,2695.0,891.5,330.3,129.2,37.14,16.05,4.887,
2.130,0.4248,0.1641
9
1836.0,433.2,135.1,48.93,19.36,6.614,2.446,0.5497,0.1649
5
108.4,30.71,10.66,3.851,1.317
*35,72
1,1,1,0
1,R45,0,0
C38
14
574300.0,89070.0,20210.0,5736.0,1899.0,698.7,277.8,115.2,35.97,15.50,
4.771,2.077,0.4211,0.1610
11
4406.0,1042.0,332.1,121.9,49.24,21.16,8.836,3.829,1.643,0.4650,0.1427
5
108.4,30.71,10.66,3.851,1.317
*35,72
1,1,1,0
1,R46,0,0
C39
14
0.37967770E+06,0.56125177E+05,0.12967347E+05,0.38360815E+04,
0.13319962E+04,0.50804207E+03,0.20778124E+03,0.90421854E+02,
0.33004374E+02,0.14356389E+02,0.47285254E+01,0.20329671E+01,
0.41270583E+00,0.15614164E+00
11
0.31679103E+04,0.76250444E+03,0.24939633E+03,0.95231772E+02,
0.39923011E+02,0.17781662E+02,0.76772642E+01,0.33420640E+01,
0.14424218E+01,0.44232024E+00,0.13777249E+00
5
0.96150069E+02,0.27839079E+02,0.98510666E+01,0.36101874E+01,
0.12515448E+01
*35,61
8,6,2,0
0,R74,R74,1
7,1,2,1,1,1,1,1
6.96178E+5,1.03934E+5,2.36182E+4,6.77817E+3,2.29304E+3,8.69090E+2,
3.54913E+2,1.51604E+2,7.07366E+1,2.54774E+1,1.07763E+1,3.38575E+0,
1.25322E+0,3.25379E-1,9.95463E-2
5,1,2,1,2,1
2.28361E+3,5.40112E+2,1.74376E+2,6.59986E+1,2.74705E+1,1.18580E+1,
5.28930E+0,2.32941E+0,9.66848E-1,3.75683E-1,1.55198E-1,6.00665E-2
1,1
1.57389E+1,3.51592E+0
2.7228493E-4,2.1224534E-3,1.1048684E-2,4.3506264E-2,1.3615935E-1,
3.3099763E-1,5.7604098E-1,1.0,8.7095038E-2,9.2661399E-1,1.0,1.0,1.0,
1.0,1.0
4.9654796E-3,3.9314814E-2,1.7101837E-1,4.2141253E-1,5.0418482E-1,1.0,
5.5075474E-1,4.9883191E-1,1.0,5.9202855E-1,4.6431616E-1,1.0
1.0,1.0
*35,76
8,6,2,0
0,R54,R54,1
6,3,1,1,1,1,1,1
439700.0,66030.0,15140.0,4317.0,1414.0,523.90,523.90,207.70,86.54,30.52,
12.980,4.4120,1.8620,0.5455,0.1902
3,3,3,1,1,1
2957.0,700.3,224.6,82.59,33.19,14.20,14.20,7.438,3.526,1.595,0.4918,
0.1507
4,1
134.8,36.39,12.16,4.341,1.535
8.13E-4,6.285E-3,3.192E-2,0.1288,0.3946,0.5413,0.1831,0.6176,0.2538,1.0,
1.0,1.0,1.0,1.0,1.0
0.02226,0.1802,0.8624,0.3440,0.5071,0.2590,0.07965,0.3734,0.6049,1.0,
1.0,1.0
0.01831,0.1350,0.4261,0.6043,1.0
*35,77
11,10,4,0
0,R72,R72,1
6,1,1,1,1,1,1,1,1,1,1
455736.0,68282.0,15554.0,4421.0,1456.0,533.6,212.5,89.0,32.1,12.5,4.37,
1.54,0.66,0.25,0.095,0.037
3,1,1,1,1,1,1,1,1,1
3309.0,789.0,253.8,94.8,38.0,15.6,5.98,2.06,0.555,0.207,0.086,0.030
2,1,1,1
81.7,18.3,5.1,1.52,0.28
0.000303,0.002351,0.01216,0.04845,0.15026,0.33244,1.0,1.0,1.0,1.0,1.0,
1.0,1.0,1.0,1.0,1.0
0.002289,0.018733,0.090530,1.0,1.0,1.0,1.0,1.0,1.0,1.0,1.0,1.0
0.042,0.298,1.0,1.0,1.0
                                                                 KRYPTON
*35,50
4,3,1,0
0,R96,R96,1
4,3,2,2
17840.50500,2691.20160,611.13589,164.90248,248.00953,27.526132,
11.715350,23.708456,2.7585310,0.32003940,0.11588670
4,2,2
758.27698,178.02877,55.250877,18.832923,7.3705425,2.4432082,0.15503558,
0.51810540
3
34.040909,8.9190786,2.4312513
0.0171207,0.1200286,0.4373105,0.5579592,-0.1098522,0.6547674,0.4162174,
0.2265015,-1.088207,0.7758375,0.2574600
0.0276604,0.1801918,0.5076756,0.4537059,0.4764098,0.6082355,0.5890892,
0.5110602
0.1492732,0.5112273,0.5768366
*35,63
4,3,1,0
0,R96,R96,1
4,3,3,3
17914.01200,2700.88200,612.63764,165.04835,247.33791,27.825882,
11.692350,21.472689,3.6072844,1.5510670,2.3397075,0.38832539,0.14562498
4,3,3
769.88290,180.60286,56.012187,19.108991,8.6662920,3.4372753,1.4102279,
0.62509542,0.23852551,0.08924869
4
61.699454,17.176489,5.5706174,1.7383942
0.0170373,0.1195879,0.4370146,0.5587696,-0.1103867,0.6460753,0.4264025,
-0.2389743,0.7433529,0.3921021,-0.2266599,0.7202304,0.4183848
0.0270082,0.1771929,0.5034818,0.4607090,0.3301375,0.5621199,0.2118896,
0.3662229,0.5323300,0.2245335
0.0584980,0.2795209,0.5311305,0.4006201
*36,54
4,3,1,0
0,R91,R91,1
3,3,3,3
6403.47848,972.11100,213.90882,286.63799,27.30120,11.12031,23.35643,
3.78626,1.59752,2.54821,0.45455,0.17236
3,3,3
380.87992,88.48672,25.90023,63.25696,7.95380,2.72394,5.39516,0.56568,
0.17336
3
37.11330,9.79757,2.72046
0.06300,0.37324,0.68414,-0.10690,0.71661,0.35081,-0.23725,0.77893,
0.35441,-0.24458,0.70001,0.44933
0.08957,0.44246,0.61930,-0.02702,0.45070,0.63383,-0.06079,0.54950,
0.55797
0.14929,0.51317,0.57091
*36,65
1,1,1,0
1,R45,0,0
C38
13
283000.0,42570.0,9747.0,2792.0,921.5,341.0,134.1,39.40,17.04,5.293,
2.337,0.4888,0.1892
9
1892.0,442.3,138.8,49.94,19.73,6.973,2.637,0.6178,0.1872
5
125.6,35.31,12.15,4.350,1.494
*36,72
1,1,1,0
1,R45,0,0
C38
14
605700.0,90300.0,20920.0,5889.0,1950.0,718.2,285.4,118.6,38.16,16.45,
5.211,2.291,0.4837,0.1855
11
4678.0,1120.0,357.1,131.4,52.86,22.70,9.547,4.167,1.811,0.5337,0.1654
5
125.6,35.31,12.15,4.350,1.494
*36,72
1,1,1,0
1,R46,0,0
C39
14
0.38233099E+06,0.57351078E+05,0.13353317E+05,0.39828142E+04,
0.13902979E+04,0.53108659E+03,0.21739721E+03,0.94762965E+02,
0.35035860E+02,0.15297988E+02,0.52816811E+01,0.22767901E+01,
0.47279346E+00,0.18026307E+00
11
0.33565753E+04,0.80916749E+03,0.26372102E+03,0.10037324E+03,
0.42098411E+02,0.18822670E+02,0.82496839E+01,0.35990798E+01,
0.15517786E+01,0.50184768E+00,0.15839497E+00
5
0.11588627E+03,0.33526384E+02,0.11838548E+02,0.43399568E+01,
0.15072951E+01
