D.BASIS2A                                                        LITHIUM
*3,4
1,0,0,0
0,R44,0,0
4
3.4856175E+1,5.1764114E+0,1.0514394E+0,4.7192775E-2
*3,4
1,0,0,0
0,R33,0,0
4
34.882736,5.179275,1.051753,0.047743
*3,5
1,0,0,0
0,R33,0,0
5
100.000341,15.059103,3.303257,0.836433,0.047648
*3,6
1,0,0,0
0,R44,0,0
6
2.7699218E+2,4.1107602E+1,9.2011656E+0,2.4652207E+0,7.1710901E-1,
4.7271493E-2
*3,6
1,0,0,0
0,R33,0,0
6
262.018797,39.428548,8.907797,2.406806,0.705778,0.047795
*3,7
1,0,0,0
0,R28,0,0
7
284.399,42.3482,9.37924,2.50578,0.733345,0.073733,0.029787
*3,8
1,0,0,0
0,R44,0,0
8
7.0382870E+2,1.0526838E+2,2.3950943E+1,6.6919782E+0,2.0335810E+0,
6.5523589E-1,7.7025767E-2,2.9493485E-2
*3,8
1,0,0,0
0,R33,0,0
8
647.08364,97.155099,22.082739,6.176662,1.921189,0.630596,0.072548,
0.028118
*3,9
3,2,0,0
0,R2,R98,1
7,2,1
921.271,138.730,31.9415,9.35329,3.15789,1.15685,0.44462,0.44462,
0.076663,0.028643
3,1
1.488,0.2667,0.07201,0.02370
0.001367,0.010425,0.049859,0.160701,0.344604,0.425197,0.169468,
-0.222311,1.116477,1.0
0.038770,0.236257,0.830448,1.0
*3,10
1,0,0,0
0,R44,0,0
10
2.2408343E+3,3.3185532E+2,7.4468430E+1,2.0833801E+1,6.6913550E+0,
2.3270779E+0,8.4633831E-1,2.8854552E-1,7.8523133E-2,2.8906667E-2
*3,10
1,0,0,0
0,R49,0,0
10
2.0720221E+3,3.1105283E+2,7.1228308E+1,2.0490500E+1,6.8478341E+0,
2.5319075E+0,1.0278243E+0,4.3737115E-1,7.5557402E-2,2.8668926E-2
*3,10
1,0,0,0
0,R33,0,0
10
2072.040929,311.033717,71.215365,20.477806,6.843695,2.533132,1.023091,
0.436688,0.076438,0.028927
*3,11
1,0,0,0
1,R15,0,0
C56
11
3184.4671,480.51266,108.86325,30.289479,9.6415137,3.3915559,1.2720285,
0.49663205,0.09718633,0.04998814,0.02295209
*3,12
1,0,0,0
0,R33,0,0
12
5710.2850,855.55715,195.155050,55.444215,18.213554,6.694067,2.653378,
1.109366,0.479345,0.105971,0.055055,0.024311
*3,6
2,0,0,0
0,R68,R68,1
3,3
3.18636E+1,4.85960E+0,1.01709E+0,6.85395E-1,7.86253E-2,3.44531E-2
8.13763E-2,4.11415E-1,6.45029E-1,9.43474E-2,-3.95702E-1,-6.63910E-1
*3,6
2,0,0,0
0,R73,R73,1
3,3
35.04615,5.20169,1.05624,0.71517,0.07053,0.02735
0.07376,0.39747,0.66509,-0.09397,0.57010,0.49975
*3,6
2,0,0,0
0,R51,R51,3
5,1
2.6201879E+2,3.9428547E+1,8.9077969E+0,2.4068059E+0,7.0577803E-1,
4.7792113E-2
0.00652506,0.04793004,0.20271358,0.48126490,0.41720605,1.0
0,R51
3,0,0,0
4,1,1
0.00973907,0.07153866,0.30256301,0.71831870,1.0,1.0
0,R51
4,0,0,0
3,1,1,1
0.02718502,0.19968847,0.84455521,1.0,1.0,1.0
*3,7
2,0,0,0
1,R33,R56,1
C45
5,2
270.88109,40.760906,9.212495,2.491427,0.732905,0.075307,0.030339
0.006271,0.046050,0.196771,0.471694,0.433397,0.368683,0.664881
*3,7
2,0,0,0
0,R73,R73,1
4,3
104.72613,15.66225,3.39955,0.85039,0.75753,0.06590,0.02529
0.02011,0.13752,0.45714,0.53469,-0.09166,0.64701,0.41987
*3,7
2,0,0,0
0,R51,R51,3
5,2
2.7087721E+2,4.0763784E+1,9.2075190E+0,2.4906831E+0,7.3372838E-1,
7.5163939E-2,3.0295450E-2
0.00628301,0.04626570,0.19703426,0.47487239,0.42942174,0.48410382,
0.55242626
0,R51
3,0,0,0
5,1,1
0.00628301,0.04626570,0.19703426,0.47487239,0.42942174,1.0,1.0
0,R51
4,0,0,0
4,1,1,1
0.00954933,0.07031758,0.29946532,0.72174153,1.0,1.0,1.0
*3,8
2,0,0,0
0,R51,R51,3
6,2
6.4708254E+2,9.7153248E+1,2.2082029E+1,6.1770176E+0,1.9207573E+0,
6.3101307E-1,7.2449052E-2,2.8098019E-2
0.00213181,0.01622407,0.07775647,0.24783167,0.47336413,0.34006862,
0.54828027,0.49128695
0,R51
3,0,0,0
6,1,1
0.00213181,0.01622407,0.07775647,0.24783167,0.47336413,0.34006862,1.0,
1.0
0,R51
4,0,0,0
4,2,1,1
0.00669964,0.05098736,0.24436514,0.77886018,0.61224800,0.43984392,1.0,
1.0
*3,9
4,0,0,0
1,R33,R56,1
C45
6,1,1,1
1359.44661,204.02647,46.549541,13.232594,4.286148,1.495542,0.542238,
0.073968,0.028095
0.001049,0.008057,0.040336,0.145830,0.365684,0.559516,1.0,1.0,1.0
*3,10
4,0,0,0
0,R2,R32,1
7,1,1,1
1782.90,267.096,60.0718,16.7798,5.40327,1.90603,0.26344,0.71791,
0.077157,0.028536
0.000824,0.006403,0.033239,0.126621,0.337749,0.575669,0.062311,1.0,1.0,
1.0
*3,11
4,0,0,0
1,R33,R56,1
C45
7,2,1,1
3427.5673,513.28001,116.98855,33.377097,11.061892,4.084138,1.629594,
0.704648,0.338768,0.074659,0.027778
0.000358,0.002779,0.014301,0.056118,0.167607,0.360649,0.515191,0.820527,
0.194305,1.0,1.0
*3,11
5,0,0,0
3,R13,R13,2
C2,C5,C8
5,3,1,1,1
1782.9,267.096,60.0718,16.7798,5.40327,1.90603,0.717910,0.266971,
0.081858,0.032383,0.014224
0.00060,0.00467,0.02424,0.09237,0.24630,0.42016,0.32959,0.04584,1.0,
1.0,1.0
3,R13
C2,C5,C8
5,0,0,0
6,1,1,2,1
0.00060,0.00467,0.02424,0.09237,0.24630,0.42016,1.0,1.0,0.50312,0.56293,
1.0
*3,11
4,0,0,0
0,R22,R22,1
3,3,2,3
0.31844671E+4,0.48051266E+3,0.10886325E+3,0.30289479E+2,0.96415137E+1,
0.33915559E+1,0.12494133E+1,0.46733513E+0,0.79801992E-1,0.66136275E-1,
0.24952046E-1
0.21567388E-1,0.16658948E+0,0.87236365E+0,0.10008940E+0,0.30904943E+0,
0.66666616E+0,0.71760500E+0,0.31831711E+0,-0.54767505E-1,0.69883916E+0,
0.39372345E+0
*3,13
4,0,0,0
1,R15,R15,1
C6
4,4,3,2
1829.53,258.856,59.4718,16.7510,5.31755,1.87325,0.723676,0.287558,
0.59148073,0.08052447,0.03644312,0.01823477,0.01048122
0.00541494,0.04274846,0.20973698,0.81270212,0.26847103,0.44277211,
0.33962127,0.05442781,-0.10175298,0.49195071,0.57626904,0.96614536,
0.03575967
*3,13
5,0,0,0
1,R33,R56,2
C45
8,2,1,1,1
9497.9344,1416.8112,321.45994,91.124163,29.999891,11.017631,4.372801,
1.831256,0.802261,0.362648,0.113995,0.051237,0.022468
0.000108,0.000843,0.004422,0.018203,0.061168,0.165756,0.345705,
0.516743,-0.792806,-0.226555,1.0,1.0,1.0
0,R92
7,0,0,0
6,2,1,1,1,1,1
0.000075,0.000584,0.003062,0.012605,0.042356,0.114781,0.239381,0.357832,
1.0,1.0,1.0,1.0,1.0
*3,15
1,-2,0,0
2,R75,R75,1
C19,C50
3
3.68382D+01,5.48172D+00,1.11327D+00
2,1
5.40205D-01,1.02255D-01,2.85645D-02
6.96686D-02,3.81346D-01,6.81702D-01
-2.63127D-01,1.14339D+00,1.00000D+00
1.61546D-01,9.15663D-01,1.00000D+00
*3,16
1,-2,0,0
2,R77,R77,1
C19,C50
4
1.09353D+02,1.64228D+01,3.59415D+00,9.05297D-01
2,1
5.40205D-01,1.02255D-01,2.85645D-02
1.90277D-02,1.30276D-01,4.39082D-01,5.57314D-01
-2.63127D-01,1.14339D+00,1.00000D+00
1.61546D-01,9.15663D-01,1.00000D+00
*3,17
1,-2,0,0
2,R41,R41,1
C19,C52
5
2.75394D+02,4.14352D+01,9.36699D+00,2.53773D+00,7.46637D-01
2,1
6.92397D-01,8.21924D-02,3.22375D-02
6.12185D-03,4.51130D-02,1.92694D-01,4.68544D-01,4.40608D-01
-2.52537D-01,1.09734D+00,1.00000D+00
1.43592D-01,9.47803D-01,1.00000D+00
*3,18
1,-2,0,0
2,R75,R75,1
C19,C52
6
6.42418D+02,9.65164D+01,2.20174D+01,6.17645D+00,1.93511D+00,
6.39577D-01
2,1
5.40205D-01,1.02255D-01,2.85645D-02
2.15096D-03,1.62677D-02,7.76383D-02,2.46495D-01,4.67506D-01,
3.46915D-01
-2.63127D-01,1.14339D+00,1.00000D+00
1.61546D-01,9.15663D-01,1.00000D+00
*3,22
1,-2,0,0
2,R41,R41,1
C19,C52
6
6.42419D+02,9.67985D+01,2.20911D+01,6.20107D+00,1.93512D+00,
6.36736D-01
3,1
2.19146D+00,5.96126D-01,7.45154D-02,2.86687D-02
2.14261D-03,1.62089D-02,7.73156D-02,2.45786D-01,4.70189D-01,
3.45471D-01
-3.50917D-02,-1.91233D-01,1.08399D+00,1.00000D+00
8.94151D-03,1.41009D-01,9.45364D-01,1.00000D+00
*3,26
1,-3,0,0
3,R67,R67,1
C19,C51,C52
6
9.00460D+02,1.34433D+02,3.04365D+01,8.62639D+00,2.48332D+00,
3.03179D-01
3,1,1
4.86890D+00,8.56924D-01,2.43227D-01,6.35070D-02,2.43683D-02
2.28704D-03,1.76350D-02,8.73434D-02,2.80977D-01,6.58741D-01,
1.18712D-01
9.33293D-02,9.43045D-01,-2.79827D-03,1.00000D+00,1.00000D+00
3.27661D-02,1.59792D-01,8.85667D-01,1.00000D+00,1.00000D+00
                                                               BERYLLIUM
*4,2
1,0,0,0
0,R33,0,0
2
3.869478,0.100128
*4,3
1,0,0,0
0,R33,0,0
3
19.445986,2.741442,0.102976
*4,4
1,0,0,0
0,R33,0,0
4
66.022855,9.851535,2.050391,0.103865
*4,4
1,0,0,0
0,R44,0,0
4
6.5991013E+1,9.8486293E+0,2.0503176E+0,1.0386441E-1
*4,5
1,0,0,0
0,R33,0,0
5
192.25680,28.966257,6.413151,1.661636,0.104444
*4,6
1,0,0,0
0,R33,0,0
6
204.90614,30.827597,6.819528,1.767558,0.198210,0.067376
*4,6
1,0,0,0
0,R44,0,0
6
5.0379423E+2,7.5823293E+1,1.7187786E+1,4.7133062E+0,1.4188045E+0,
1.0454887E-1
*4,6
1,0,0,0
0,R49,0,0
6
2.0089955E+2,3.0270482E+1,6.7135679E+0,1.7473795E+0,1.9345778E-1,
6.6004244E-2
*4,7
1,0,0,0
0,R28,0,0
7
547.083,81.6023,18.2378,4.94019,1.47438,0.177797,0.059381
*4,8
1,0,0,0
0,R44,0,0
8
1.2801984E+3,1.9231394E+2,4.3744413E+1,1.2272144E+1,3.8585893E+0,
1.2881969E+0,1.8027863E-1,5.9068041E-2
*4,8
1,0,0,0
0,R33,0,0
8
1282.7847,192.59466,43.789227,12.278640,3.859128,1.288293,0.180437,
0.059132
*4,9
3,2,0,0
0,R2,R98,1
7,2,1
1741.38,262.139,60.3255,17.6239,5.93258,2.18473,0.85895,2.18473,
0.18062,0.058350
4,1
6.710,1.442,0.4103,0.1397,0.04922
0.001305,0.009955,0.048031,0.158577,0.351325,0.427006,0.160490,
-0.185294,1.057014,1.0
0.016378,0.091553,0.341469,0.685428,1.0
*4,10
1,0,0,0
0,R44,0,0
10
3.8831091E+3,5.7684306E+2,1.2925986E+2,3.6217543E+1,1.1659053E+1,
4.0843638E+0,1.5125066E+0,5.2269583E-1,1.6542677E-1,5.5380687E-2
*4,10
1,0,0,0
0,R33,0,0
10
3466.5665,519.35972,117.93059,33.234901,10.697123,3.733798,1.369672,
0.395917,0.152802,0.052876
*4,11
1,0,0,0
1,R15,0,0
C56
11
6261.0585,932.25914,209.70133,58.159285,18.468874,6.4351438,2.3964825,
0.95005883,0.24362497,0.09843265,0.04036620
*4,12
1,0,0,0
0,R33,0,0
12
11781.669,1760.9795,398.403613,111.638010,35.824670,12.721647,4.864860,
1.967869,0.830394,0.258705,0.106756,0.0431021
*4,20
1,1,0,0
1,R40,0,0
C52
5
435.573,66.3559,15.1217,4.14148,1.23571
5
6.05456,1.15814,0.302200,0.0922883,0.0292641
*4,24
1,1,0,0
1,R40,0,0
C30
9
1928.18,325.907,74.7973,21.4619,7.30965,2.79803,1.10397,0.181318,
0.0592802
5
6.13827,1.33248,0.328147,0.158975,0.0004923
*4,24
1,1,0,0
1,R40,0,0
C52
9
2787.60,432.671,100.201,28.5092,9.20409,3.20524,1.16041,0.181647,0.05909
5
6.05456,1.15814,0.302200,0.0922883,0.0292641
*4,6
2,0,0,0
0,R68,R68,1
3,3
6.51107E+1,9.73573E+0,2.03521E+0,1.42353E+0,3.31501E-1,8.37822E-2
7.23370E-2,3.96311E-1,6.63844E-1,-1.07495E-1,2.00869E-1,8.84073E-1
*4,6
2,0,0,0
0,R73,R73,1
3,3
66.95354,9.93929,2.05713,1.91221,0.16132,0.05524
0.07020,0.39191,0.66997,-0.08282,0.55755,0.51604
*4,6
2,0,0,0
0,R51,R51,3
5,1
5.0379423E+2,7.5823293E+1,1.7187786E+1,4.7133062E+0,1.4188045E+0,
1.0454887E-1
0.00610520,0.04502018,0.19454359,0.47339130,0.43070170,1.0
0,R51
3,0,0,0
4,1,1
0.00932934,0.06879515,0.29728126,0.72338730,1.0,1.0
0,R51
4,0,0,0
3,1,1,1
0.02659390,0.19610517,0.84742005,1.0,1.0,1.0
*4,7
2,0,0,0
1,R33,R56,1
C45
5,2
526.20060,79.156167,17.920402,4.897471,1.469242,0.180274,0.060022
0.005794,0.042775,0.187494,0.464963,0.447450,0.413911,0.636026
*4,7
2,0,0,0
0,R73,R73,1
4,3
193.43735,29.03932,6.38974,1.64101,1.90163,0.15889,0.05357
0.01977,0.13558,0.45787,0.53205,-0.08406,0.58668,0.48847
*4,7
2,0,0,0
0,R51,R51,3
5,2
5.2352286E+2,7.8762698E+1,1.7837960E+1,4.8814088E+0,1.4672334E+0,
1.8003843E-1,5.9925230E-2
0.00584543,0.04328726,0.18831040,0.46967697,0.4411181,0.48973978,
0.56247929
0,R51
3,0,0,0
5,1,1
0.00584543,0.04328726,0.18831040,0.46967697,0.4411181,1.0,1.0
0,R51
4,0,0,0
4,1,1,1
0.00907310,0.06718925,0.29229004,0.72901923,1.0,1.0,1.0
*4,8
2,0,0,0
0,R51,R51,3
6,2
1.2801984E+3,1.9231394E+2,4.3744413E+1,1.2272144E+1,3.8585893E+0,
1.2881969E+0,1.8027863E-1,5.9068041E-2
0.00192366,0.01467118,0.07118272,0.23477326,0.46892564,0.35989946,
0.50110045,0.55264409
0,R51
3,0,0,0
6,1,1
0.00192366,0.01467118,0.07118272,0.23477326,0.40892564,0.35989946,1.0,
1.0
0,R51
4,0,0,0
4,2,1,1
0.00643350,0.04906642,0.23806410,0.78517769,0.59476739,0.45648274,1.0,
1.0
*4,9
4,0,0,0
1,R33,R56,1
C45
5,2,1,1
2732.3281,410.31981,93.672648,26.587957,8.629560,3.056264,1.132424,
0.181732,0.059170
0.001916,0.014722,0.074292,0.275424,0.720318,0.639056,0.401921,1.0,1.0
*4,11
5,0,0,0
0,R2,R32,1
6,2,1,1,1
3630.38,532.280,117.799,32.6562,10.4801,3.66826,3.66826,1.35431,
0.38905,0.15023,0.052406
0.000839,0.006735,0.035726,0.138635,0.385399,0.547688,0.213406,0.814692,
1.0,1.0,1.0
*4,11
5,0,0,0
3,R13,R13,2
C2,C5,C8
5,3,1,1,1
3630.38,532.280,117.799,32.6562,10.4801,3.66826,1.35431,0.417501,
0.172393,0.063445,0.026239
0.00052,0.00422,0.02238,0.08694,0.24128,0.43291,0.33723,0.03794,1.0,1.0,
1.0
3,R13
C2,C5,C8
5,0,0,0
6,1,1,2,1
0.00052,0.00422,0.02238,0.08694,0.24128,0.43291,1.0,1.0,0.51157,0.52751,
1.0
*4,11
4,0,0,0
0,R22,R22,1
3,3,2,3
0.62610585E+4,0.93225914E+3,0.20970133E+3,0.58159285E+2,0.18468874E+2,
0.64351438E+1,0.23964825E+1,0.95005883E+0,0.18366835E+0,0.73936769E-1,
0.33242507E-1
0.21466295E-1,0.16536998E+0,0.87375771E+0,0.94453421E-1,0.29979507E+0,
0.68022669E+0,0.70275612E+0,0.33002620E+0,0.43979949E+0,0.48923130E+0,
0.12813601E+0
*4,11
4,0,0,0
1,R33,R56,1
C45
6,2,2,1
6264.7288,936.50821,212.55650,60.235140,19.697209,7.083735,2.727345,
1.08810,0.261124,0.109943,0.043664
0.000600,0.004657,0.024295,0.096097,0.299690,0.666350,0.652476,0.382317,
0.215318,0.806546,1.0
*4,13
4,0,0,0
1,R15,R15,1
C6
4,4,3,2
6313.7618,925.74475,211.46652,57.752882,18.624338,6.3901766,2.4099216,
0.94342006,1.5960639,0.18938595,0.08138933,0.04258174,0.02136538
0.00586440,0.03488053,0.21349003,0.81499649,0.14901154,0.33542230,
0.43449508,0.20331024,-0.10133349,0.51302772,0.55519166,0.91018966,
0.09719186
*4,13
5,0,0,0
1,R33,R56,2
C45
8,2,1,1,1
22631.589,3372.3181,760.35849,211.74048,67.223469,23.372177,8.721373,
3.460891,1.452144,0.608615,0.257696,0.104176,0.042427
0.000075,0.000591,0.003147,0.013507,0.049238,0.149566,0.347788,
0.546553,0.843330,0.175512,1.0,1.0,1.0
0,R92
7,0,0,0
6,2,1,1,1,1,1
0.000053,0.000418,0.002227,0.009558,0.034842,0.105837,0.246099,0.386776,
1.0,1.0,1.0,1.0,1.0
*4,25
5,3,0,0
0,R57,R57,1
6,1,1,1,1
3.88311E+03,5.76843E+02,1.29260E+02,3.62175E+01,1.16591E+01,4.08436E+00,
1.51251E+00,5.22696E-01,1.65427E-01,5.53807E-02
3,1,1
6.05456E+00,1.15814E+00,3.02200E-01,9.22883E-02,2.92641E-02
4.81400E-04,3.79390E-03,1.98099E-02,7.71076E-02,2.20062E-01,4.15947E-01,
1.0,1.0,1.0,1.0
1.18613E-02,7.00560E-02,2.76717E-01,1.0,1.0
*4,15
1,-2,0,0
2,R75,R75,1
C19,C50
3
7.18876D+01,1.07289D+01,2.22205D+00
2,1
1.29548D+00,2.68881D-01,7.73501D-02
6.44263D-02,3.66096D-01,6.95934D-01
-4.21064D-01,1.22407D+00,1.00000D+00
2.05132D-01,8.82528D-01,1.00000D+00
*4,16
1,-2,0,0
2,R77,R77,1
C19,C50
4
2.07980D+02,3.14316D+01,6.99419D+00,1.81295D+00
2,1
1.29548D+00,2.68881D-01,7.73501D-02
1.80520D-02,1.23804D-01,4.27580D-01,5.69901D-01
-4.21064D-01,1.22407D+00,1.00000D+00
2.05132D-01,8.82528D-01,1.00000D+00
*4,17
1,-2,0,0
2,R41,R41,1
C19,C52
5
5.31882E+02,8.01918E+01,1.81665E+01,4.95627E+00,1.47362E+00
2,1
1.80571E+00,1.67802E-01,5.67602E-02
5.68204E-03,4.20317E-02,1.84043E-01,4.67777E-01,4.48569E-01
-1.67537E-01,1.05814E+00,1.0
1.17681E-01,9.66076E-01,1.0
*4,17
1,-2,0,0
2,R43,R43,1
C19,C53
5
5.54010D+02,8.32631D+01,1.88635D+01,5.17782D+00,1.55602D+00
2,1
1.35899D+00,2.84533D-01,8.04858D-02
5.40997D-03,4.02515D-02,1.76858D-01,4.52559D-01,4.70293D-01
-4.77429D-01,1.24745D+00,1.00000D+00
2.01142D-01,8.84483D-01,1.00000D+00
*4,18
1,-2,0,0
2,R75,R75,1
C19,C53
6
1.26450D+03,1.89930D+02,4.31275D+01,1.20889D+01,3.80790D+00,
1.28266D+00
2,1
1.29548D+00,2.68881D-01,7.73501D-02
1.94336D-03,1.48251D-02,7.20662D-02,2.37022D-01,4.68789D-01,
3.56382D-01
-4.21064D-01,1.22407D+00,1.00000D+00
2.05132D-01,8.82528D-01,1.00000D+00
*4,22
1,-2,0,0
2,R41,R41,1
C19,C52
6
1.26707E+03,1.90356E+02,4.32959E+01,1.21442E+01,3.80923E+00,1.26847E+00
3,1
5.69388E+00,1.55563E+00,1.71855E-01,5.71805E-02
1.93998E-03,1.47864E-02,7.17951E-02,2.36348E-01,4.71763E-01,3.55183E-01
-2.88764E-02,-1.77565-01,1.07163E+00,1.0
4.83497E-03,1.44045E-01,9.49692E-01,1.0
*4,22
1,-2,0,0
2,R43,R43,1
C19,C53
6
1.26459D+03,1.89937D+02,4.31591D+01,1.20987D+01,3.80632D+00,
1.27289D+00
3,1
3.01297D+00,7.04886D-01,2.07339D-01,6.56169D-02
1.94476D-03,1.48351D-02,7.20905D-02,2.37154D-01,4.69199D-01,
3.56520D-01
-1.12649D-01,-2.29506D-01,1.18692D+00,1.00000D+00
5.59802D-02,2.61551D-01,7.93972D-01,1.00000D+00
*4,26
1,-3,0,0
3,R67,R67,1
C19,C51,C53
6
1.68280D+03,2.51715D+02,5.74116D+01,1.65171D+01,4.85364D+00,
6.26863D-01
3,1,1
8.30938D+00,1.74075D+00,4.85816D-01,1.63613D-01,5.67285D-02
2.28574D-03,1.75938D-02,8.63315D-02,2.81835D-01,6.40594D-01,
1.44467D-01
1.08621D-01,9.27301D-01,-2.97169D-03,1.00000D+00,1.00000D+00
3.61344D-02,2.16958D-01,8.41839D-01,1.00000D+00,1.00000D+00
                                                                   BORON
*5,5
1,1,0,0
1,R17,0,0
C37
2
6.338,0.1907
1
0.1990
*5,6
1,1,0,0
1,R17,0,0
C37
3
31.47,4.509,0.1960
1
0.1990
*5,10
1,1,0,0
1,R17,0,0
C37
4
105.2,15.84,3.367,0.1934
2
0.9285,0.1681
*5,10
1,1,0,0
0,R44,0,0
4
1.0692718E+2,1.6006737E+1,3.3802288E+0,1.9005469E-1
2
9.1774490E-1,1.6694408E-1
*5,10
1,1,0,0
0,R33,0,0
4
106.94942,16.007033,3.379772,0.189977
2
0.924520,0.168230
*5,11
1,1,0,0
1,R17,0,0
C37
5
258.4,40.19,9.342,2.579,0.1900
2
0.9285,0.1681
*5,11
1,1,0,0
0,R33,0,0
5
311.32413,46.924962,10.450108,2.746303,0.190443
2
0.924518,0.168225
*5,12
1,1,0,0
0,R33,0,0
6
329.76900,49.681900,11.071000,2.916030,0.362570,0.117860
2
0.924520,0.168230
*5,14
1,1,0,0
0,R33,0,0
5
311.32400,46.925000,10.450100,2.746300,0.190440
3
2.577170,0.518270,0.123310
*5,15
1,1,0,0
1,R17,0,0
C37
6
518.4,80.01,18.96,5.609,1.918,0.1874
3
2.713,0.5336,0.1251
*5,15
1,1,0,0
0,R44,0,0
6
7.9229322E+2,1.1928133E+2,2.7103171E+1,7.5140374E+0,2.3107359E+0,
1.8922587E-1
3
2.5820485E+0,5.1993251E-1,1.2464520E-1
*5,15
1,1,0,0
0,R49,0,0
6
3.2953202E+2,4.9658467E+1,1.1067730E+1,2.9153924E+0,3.6221540E-1,
1.1775667E-1
3
2.5762173E+0,5.1831450E-1,1.2335462E-1
*5,15
1,1,0,0
0,R33,0,0
6
329.76936,49.681859,11.071020,2.916034,0.362568,0.117864
3
2.577170,0.518270,0.123310
*5,15
1,1,0,0
1,R85,0,0
C30
6
3.2319278E+2,4.8691204E+1,1.0849513E+1,2.8554435E+0,3.1996076E-1,
8.7948415E-2
3
1.6411409E+0,3.1622248E-1,5.9446429E-2
*5,15
1,1,0,0
1,R85,0,0
C30
6
7.7542826E+2,1.1670718E+2,2.6519901E+1,7.3628631E+0,2.2747394E+0,
1.7124475E-1
3
1.5706031E+0,2.9879405E-1,5.4567571E-2
*5,15
1,-1,0,0
1,R85,0,0
C30
3
2.9998512E+2,4.5220161E+1,1.0081595E+1
3
2.6909139E+0,4.1901545E-1,8.7048871E-2
*5,16
1,1,0,0
1,R17,0,0
C37
7
738.0,114.4,26.79,7.723,2.426,0.3538,0.1134
3
2.713,0.5336,0.1251
*5,16
1,1,0,0
0,R28,0,0
7
992.490,147.330,31.7359,8.38942,2.48651,0.325501,0.104399
3
2.70937,0.532831,0.125188
*5,17
1,1,0,0
0,R33,0,0
8
2076.9900,311.95700,71.005900,19.970400,6.335320,2.143660,0.334990,
0.105550
3
2.577170,0.518270,0.123310
*5,19
1,1,0,0
0,R33,0,0
7
858.89300,129.18700,29.285400,8.064840,2.450750,0.338410,0.107890
4
6.028140,1.245750,0.337560,0.095600
*5,20
1,1,0,0
1,R17,0,0
C37
8
1767.0,260.8,57.76,15.99,5.040,1.766,0.3777,0.1139
4
8.358,1.599,0.4061,0.1087
*5,20
1,1,0,0
0,R44,0,0
8
2.0909356E+3,3.1425009E+2,7.1572343E+1,2.0125437E+1,6.3729627E+0,
2.14934976E+0,3.3502264E-1,1.0547391E-1
4
6.1636949E+0,1.2772384E+0,3.4584319E-1,9.7412691E-2
*5,20
1,1,0,0
0,R33,0,0
8
2076.9922,311.95718,71.005879,19.970448,6.335321,2.143664,0.334987,
0.105546
4
6.028137,1.245748,0.337561,0.095596
*5,21
1,1,0,0
0,R33,0,0
9
3733.3300,561.19800,128.74700,37.055500,12.328800,4.524440,1.751270,
0.331110,0.103710
4
6.028140,1.245750,0.337560,0.095600
*5,25
1,1,0,0
0,R44,0,0
10
6.2293215E+3,9.2444168E+2,2.0754112E+2,5.7981680E+1,1.8579055E+1,
6.4740302E+0,2.3737055E+0,7.2519163E-1,2.7041251E-1,9.1328173E-2
5
1.2505245E+1,2.7949878E+0,8.0769786E-1,2.5712157E-1,8.1486124E-2
*5,25
1,1,0,0
0,R33,0,0
10
6149.2300,921.45600,209.55700,59.187600,19.102400,6.698250,2.476990,
0.825630,0.283690,0.094020
5
12.36390,2.6560,0.760670,0.241980,0.077880
*5,28
1,1,0,0
0,R33,0,0
10
6149.2302,921.45590,209.55715,59.187598,19.102357,6.698251,2.476991,
0.825626,0.283686,0.094022
6
20.81610,4.684150,1.38870,0.474150,0.170740,0.06230
*5,29
1,1,0,0
0,R33,0,0
11
10370.398,1549.9890,350.22190,97.963272,31.467297,11.162879,4.281016,
1.726348,0.485398,0.195822,0.075823
6
20.816050,4.684146,1.388704,0.474153,0.170739,0.062303
*5,30
1,1,0,0
0,R33,0,0
12
18465.600,2756.5900,624.88900,176.14900,57.067400,20.407100,7.855100,
3.219160,1.378840,0.446360,0.176790,0.069600
6
20.816100,4.684150,1.388700,0.474150,0.170740,0.062300
*5,32
1,1,0,0
1,R15,0,0
C56
11
10324.650,1587.2834,358.64641,99.421167,31.516117,10.918521,4.0434363,
1.6000069,0.42306713,0.16485811,0.06618282
7
23.698113,5.5992898,1.7377220,0.64130891,0.25493422,0.10372427,0.0441310
*5,33
1,1,0,0
0,R33,0,0
12
18465.554,2756.5885,624.88949,176.14919,57.067411,20.407078,7.855098,
3.219158,1.378844,0.446363,0.176793,0.069603
7
35.347305,8.194616,2.474799,0.871826,0.335622,0.133179,0.052489
*5,34
1,1,0,0
0,R33,0,0
13
33360.200,4972.1000,1125.6400,316.49100,102.00700,36.295900,13.971400,
5.741160,2.496270,1.114200,0.421550,0.169630,0.068540
7
35.347300,8.194620,2.474800,0.871830,0.335620,0.133180,0.052490
*5,10
2,1,0,0
2,R16,R16,1
C9,C-3
2,2
1.84786E+01,3.10450E+00,6.47623E+00,1.66864E-01
2
6.41652E-01,1.21182E-01
4.43673E-01,6.72511E-01,-2.56907E-01,1.01246E+00
5.04923E-01,6.62723E-01
*5,10
2,1,0,0
1,R24,R24,1
C19
2,2
3.140545E+1,4.493601E+0,4.514556E+0,1.892696E-1
2
9.003765E-1,1.638776E-1
2.679579E-1,8.298996E-1,-7.204728E-2,1.015312E+0
3.305632E-1,8.087126E-1
*5,15
2,1,0,0
2,R16,R16,1
C9,C-3
3,3
4.78403E+01,8.51563E+00,2.19393E+00,5.45381E+00,2.44206E-01,8.06501E-02
3
1.45072E+00,3.13228E-01,8.44352E-02
1.67534E-01,5.40312E-01,4.36100E-01,-2.79059E-01,6.97729E-01,3.74644E-01
2.17398E-01,5.67425E-01,4.28995E-01
*5,15
2,1,0,0
0,R68,R68,1
3,3
1.04649E+2,1.57015E+1,3.33012E+0,2.71605E+0,4.63654E-1,1.35836E-1
3
2.54245E+0,5.14380E-1,1.23207E-1
7.13628E-2,3.95489E-1,6.63583E-1,-9.73596E-2,2.91851E-1,7.92252E-1
1.07028E-1,4.56207E-1,6.31275E-1
*5,15
2,1,0,0
0,R73,R73,1
3,3
108.43704,16.12056,3.37343,3.56650,0.29547,0.09805
3
2.57207,0.51694,0.12314
0.06865,0.38993,0.67139,-0.08242,0.55907,0.51680
0.10590,0.45718,0.63186
*5,15
2,1,0,0
0,R51,R51,4
4,2
3.3827048E+2,5.0982791E+1,1.1390648E+1,3.0317733E+0,5.6711546E-1,
1.4236177E-1
3
3.0317733E+0,5.6711546E-1,1.4236177E-1
0.01794770,0.12428016,0.43460941,0.55967468,0.21628857,0.83351517
0.09315910,0.42980620,0.65746960
0,R51
3,2,0,0
4,1,1
0.01794990,0.12428016,0.43460941,0.55967468,1.0,1.0
2,1
0.19437240,0.89677190,1.0
0,R51
4,2,0,0
3,1,1,1
0.03368999,0.23328879,0.81581406,1.0,1.0,1.0
2,1
0.19437240,0.89677190,1.0
0,R51
4,3,0,0
3,1,1,1
0.03368999,0.23328879,0.81581406,1.0,1.0,1.0
1,1,1
1.0,1.0,1.0
*5,15
2,1,0,0
1,R24,R24,1
C19
3,3
1.058307E+2,1.584172E+1,3.340571E+0,3.653065E+0,2.831874E-1,9.309538E-2
3
2.548906E+0,5.120810E-1,1.219411E-1
7.027108E-2,3.941004E-1,6.659628E-1,-8.271356E-2,6.098679E-1,4.655954E-1
1.065666E-1,4.581013E-1,6.307460E-1
*5,16
2,1,0,0
1,R33,R56,1
C45
5,2
858.89333,129.18674,29.285383,8.064844,2.450751,0.338409,0.107892
3
2.577167,0.518268,0.123306
0.005591,0.041347,0.183598,0.460503,0.454419,0.412085,0.641363
0.106548,0.461982,0.627129
*5,16
2,1,0,0
0,R73,R73,1
4,3
308.87663,46.44522,10.30154,2.68144,3.44029,0.29461,0.09601
3
2.56914,0.51667,0.12301
0.01959,0.13472,0.45855,0.53027,-0.08418,0.58027,0.49830
0.10638,0.45795,0.63096
*5,16
2,1,0,0
0,R51,R51,4
5,2
8.1445043E+2,1.2253684E+2,2.7779296E+1,7.6601343E+0,2.3572123E+0,
4.6935753E-1,1.2603362E-1
3
2.3572123E+0,4.6935753E-1,1.2603362E-1
0.00599488,0.04446663,0.19368875,0.47880848,0.42322519,0.33336506,
0.72822812
0.12166760,0.46662469,0.59817058
0,R51
3,2,0,0
5,1,1
0.00599488,0.04446663,0.19368875,0.47880848,0.42322519,1.0,1.0
2,1
0.22718751,0.87131912,1.0
0,R51
4,2,0,0
4,1,1,1
0.00909850,0.06748753,0.29396371,0.72669329,1.0,1.0,1.0
2,1
0.22718751,0.87131912,1.0
0,R51
4,3,0,0
4,1,1,1
0.00909850,0.06748753,0.29396371,0.72669329,1.0,1.0,1.0
1,1,1
1.0,1.0,1.0
*5,18
2,1,0,0
0,R73,R73,1
3,3
108.43704,16.12056,3.37343,3.56650,0.29547,0.09805
4
6.05234,1.24788,0.33732,0.09555
0.06865,0.38993,0.67140,-0.08242,0.55906,0.51679
0.03496,0.19634,0.50515,0.48138
*5,19
2,1,0,0
0,R73,R73,1
4,3
308.88024,46.44338,10.30027,2.68081,3.44091,0.29355,0.09551
4
6.03322,1.24581,0.33699,0.09542
0.01959,0.13472,0.45857,0.53027,-0.08412,0.58328,0.49536
0.03520,0.19728,0.50551,0.48022
*5,20
2,1,0,0
2,R16,R16,1
C9,C-3
4,4
1.09989E+02,1.99764E+01,5.39771E+00,1.71624E+00,2.09347E+01,3.56511E+00,
2.74606E-01,8.89012E-02
4
2.98898E+00,6.75517E-01,2.01839E-01,6.60396E-02
6.43078E-02,2.78041E-01,5.29927E-01,2.79677E-01,-8.67715E-02,
-2.35328E-01,6.39935E-01,4.52771E-01
8.92439E-02,3.32385E-01,5.27193E-01,2.79246E-01
*5,20
2,1,0,0
0,R51,R51,4
6,2
1.5564523E+3,2.3385280E+2,5.3137147E+1,1.4798473E+1,4.5727831E+0,
1.4650699E+0,3.9516884E-1,1.1158048E-1
4
4.5727831E+0,1.4650699E+0,3.9516884E-1,1.1158048E-1
0.00264993,0.02011091,0.09581925,0.30146113,0.51660829,0.22101959,
0.45216500,0.61380791
0.03733610,0.14734099,0.47824138,0.54063648
0,R51
3,2,0,0
6,1,1
0.00264993,0.02011091,0.09581925,0.30146113,0.51660829,0.22101959,
1.0,1.0
3,1
0.06290302,0.24823680,0.80573034,1.0
0,R51
4,2,0,0
4,2,1,1
0.00682633,0.05180649,0.24683415,0.77657568,0.73277902,0.31350352,
1.0,1.0
3,1
0.06290302,0.24823680,0.80573034,1.0
0,R51
4,3,0,0
4,2,1,1
0.00682633,0.05180649,0.24683415,0.77657568,0.73277902,0.31350352,
1.0,1.0
2,1,1
0.21346439,0.84240336,1.0,1.0
*5,20
2,1,0,0
1,R24,R24,1
C19
4,4
3.042257E+2,4.585941E+1,1.017633E+1,2.662993E+0,1.575423E+1,3.257995E+0,
2.975132E-1,9.663106E-2
4
5.991286E+0,1.237401E+0,3.349874E-1,9.494719E-2
1.991855E-2,1.365792E-1,4.611131E-1,5.256799E-1,-9.642981E-3,
-9.446299E-2,5.808782E-1,5.023628E-1
3.547125E-2,1.982711E-1,5.057953E-1,4.788884E-1
*5,24
3,2,0,0
0,R2,R26,4
6,1,2
2788.41,419.039,96.4683,28.0694,9.37597,1.30566,3.40623,0.32448,0.10219
4,1
11.3413,2.43599,0.68358,0.21336,0.070114
0.002122,0.016171,0.078356,0.263250,0.596729,0.230397,1.0,0.526887,
0.530557
0.017987,0.110339,0.383111,0.647860,1.0
0,R26
4,2,0,0
6,1,1,1
0.002122,0.016171,0.078356,0.263250,0.596729,0.230397,1.0,1.0,1.0
4,1
0.017987,0.110339,0.383111,0.647860,1.0
0,R26
4,3,0,0
6,1,1,1
0.002122,0.016171,0.078356,0.263250,0.596729,0.230397,1.0,1.0,1.0
3,1,1
0.038707,0.237448,0.824446,1.0,1.0
0,R26
5,3,0,0
4,2,1,1,1
0.006340,0.048310,0.234078,0.786421,0.801018,0.309273,1.0,1.0,1.0
3,1,1
0.038707,0.237448,0.824446,1.0,1.0
*5,24
4,2,0,0
1,R33,R56,1
C45
5,2,1,1
3733.3327,561.19773,128.74655,37.055525,12.328842,4.524435,1.751267,
0.331106,0.103714
3,2
12.363854,2.655995,0.760671,0.241978,0.077877
0.002102,0.016094,0.079999,0.285269,0.704836,0.662572,0.374018,1.0,1.0
0.038371,0.236001,0.823800,0.634764,0.452604
*5,25
2,1,0,0
2,R16,R16,1
C9,C-3
5,5
2.32691E+02,4.25350E+01,1.17427E+01,3.89469E+00,1.40825E+00,6.95929E+01,
1.24022E+01,3.13226E+00,2.80927E-01,9.02878E-02
5
5.61948E+00,1.30416E+00,4.14654E-01,1.47230E-01,5.48791E-02
2.61028E-02,1.28977E-01,3.49936E-01,4.72749E-01,1.76845E-01,-0.0228020,
-9.90662E-02,-2.08986E-01,6.31026E-01,4.66403E-01
3.82387E-02,1.69566E-01,3.87635E-01,4.53894E-01,1.83425E-01
*5,25
2,1,0,0
1,R24,R24,1
C19
5,5
7.894903E+2,1.187842E+2,2.691899E+1,7.378115E+0,2.225609E+0,1.075114E+1,
2.807117E+0,3.622380E-1,1.486747E-1,6.294368E-2
5
1.200029E+1,2.601383E+0,7.443944E-1,2.375202E-1,7.668705E-2
6.166626E-3,4.567576E-2,1.984598E-1,4.869539E-1,4.118871E-1,
-1.445036E-2,-9.445252E-2,3.917444E-1,5.230337E-1,1.808806E-1
1.318902E-2,8.026531E-2,2.779839E-1,5.045675E-1,3.523579E-1
*5,29
5,3,0,0
0,R2,R32,2
6,2,1,1,1
6249.59,916.065,202.205,55.8340,17.8587,6.25286,6.25286,2.31177,
0.68236,0.26035,0.089400
4,1,1
15.4594,3.48347,1.06577,0.39278,0.15033,0.057221
0.000798,0.006410,0.034299,0.135487,0.388532,0.547758,0.232643,0.797219,
1.0,1.0,1.0
0.016822,0.100878,0.336895,0.672317,1.0,1.0
0,R32
5,4,0,0
6,2,1,1,1
0.000798,0.006410,0.034299,0.135487,0.388532,0.547758,0.232643,0.797219,
1.0,1.0,1.0
3,1,1,1
0.040494,0.242838,0.810987,1.0,1.0,1.0
*5,29
4,2,0,0
0,R22,R22,1
3,3,2,3
0.10324650E+5,0.15872834E+4,0.35864641E+3,0.99421167E+2,0.31516117E+2,
0.10918521E+2,0.40434363E+1,0.16000069E+1,0.34922459E+0,0.13685761E+0,
0.59259157E-1
3,3
0.15459400E+2,0.34834700E+1,0.10657700E+1,0.38393441E+0,0.14410462E+0,
0.54712866E-1
0.21852524E-1,0.16433098E+0,0.87410098E+0,0.89722307E-1,0.29180733E+0,
0.69152247E+0,0.69513954E+0,0.33820059E+0,0.42363200E+0,0.49643201E+0,
0.14193537E+0
0.40496090E-1,0.24279555E+0,0.81105297E+0,0.42352267E+0,0.49704234E+0,
0.20556999E+0
*5,32
5,3,0,0
3,R13,R13,2
C2,C5,C8
5,3,1,1,1
6249.59,916.065,202.205,55.8340,17.8587,6.25286,2.31177,0.682360,
0.260350,0.096592,0.036107
4,1,2
15.4594,3.48347,1.06577,0.392780,0.150330,0.059321,0.021028
0.00047,0.00380,0.02037,0.08051,0.23083,0.42884,0.35341,0.04488,1.0,1.0,
1.0
0.00894,0.05370,0.17904,0.35846,1.0,0.19486,0.00843
3,R13
C2,C5,C8
5,3,0,0
6,1,1,2,1
0.00047,0.00380,0.02037,0.08051,0.23083,0.42884,1.0,1.0,0.58291,0.43375,
1.0
4,1,2
0.00894,0.05370,0.17904,0.35846,1.0,0.19486,0.00843
*5,32
4,2,0,0
1,R33,R56,1
C45
6,2,2,1
10370.4,1549.99,350.222,97.9633,31.4673,11.162880,4.28102,1.72635,
0.485400,0.195820,0.075820
5,2
35.3473,8.19462,2.47480,0.871830,0.335620,0.133180,0.052490
0.000555,0.004309,0.022744,0.092553,0.297431,0.673392,0.670593,
0.362647,0.247819,0.778623,1.0
0.004122,0.028788,0.119331,0.346253,0.636510,0.752190,0.298178
*5,34
4,2,0,0
1,R15,R15,1
C6
4,4,3,2
10411.559,1576.1919,361.66537,98.726437,31.781408,10.842225,4.0774725,
1.5888265,2.8590772,0.35556953,0.14972248,0.07433206,0.03701718
4,3
26.8281,5.81572,1.63092,0.548811,0.204009,0.0822550,0.0356435
0.00602874,0.03414955,0.21343952,0.81532002,0.14008659,0.32796748,
0.43910393,0.21500160,-0.10128056,0.50247350,0.56801575,0.91758759,
0.08939910
0.00917291,0.06903735,0.29193173,0.74403225,0.61097738,0.40114602,
0.06767884
*5,37
5,3,0,0
1,R33,R56,2
C45
7,3,1,1,1
33360.217,4972.0952,1125.6417,316.49136,102.00726,36.295873,13.971410
5.741156,2.496268,1.114202,0.421549,0.169633,0.068535
5,2,1
55.0000,13.366101,4.135394,1.481256,0.602136,0.255634,0.111151,0.047648
0.000161,0.001258,0.006638,0.028001,0.099463,0.291981,0.660173,
0.516290,0.425760,0.108467,1.0,1.0,1.0
0.003111,0.022583,0.099441,0.309369,0.678885,0.548548,0.502536,1.0
0,R92
7,4,0,0
6,2,1,1,1,1,1
0.000058,0.000456,0.002409,0.010161,0.036092,0.105950,0.239567,0.373407,
1.0,1.0,1.0,1.0,1.0
4,2,1,1
0.001124,0.008162,0.035982,0.111514,0.245583,0.371014,1.0,1.0
*5,15
1,-2,0,0
2,R75,R75,1
C19,C50
3
1.16434D+02,1.74314D+01,3.68016D+00
2,1
2.28187D+00,4.65248D-01,1.24328D-01
6.29605D-02,3.63304D-01,6.97255D-01
-3.68662D-01,1.19944D+00,1.00000D+00
2.31152D-01,8.66764D-01,1.00000D+00
*5,16
1,-2,0,0
2,R77,R77,1
C19,C50
4
3.45445D+02,5.19156D+01,1.15337D+01,3.01981D+00
2,1
2.28187D+00,4.65248D-01,1.24328D-01
1.70348D-02,1.19266D-01,4.24702D-01,5.75037D-01
-3.68662D-01,1.19944D+00,1.00000D+00
2.31152D-01,8.66764D-01,1.00000D+00
*5,16
1,-2,0,0
3,R65,R65,1
C19,C50,C-36
4
3.30753D+02,4.98439D+01,1.11171D+01,2.92272D+00
2,1
2.62100D+00,5.31400D-01,1.64900D-01
1.79942D-02,1.24694D-01,4.34335D-01,5.60979D-01
1.00000D+00,-2.33700D+00,1.00000D+00
1.00000D+00,4.11300D+00,1.00000D+00
*5,18
1,-2,0,0
1,R75,R75,1
C19
6
2.08212D+03,3.12310D+02,7.08874D+01,1.98525D+01,6.29161D+00,
2.12862D+00
2,1
2.28187D+00,4.65248D-01,1.24328D-01
1.84986D-03,1.41277D-02,6.92697D-02,2.32393D-01,4.70154D-01,
3.60288D-01
-3.68662D-01,1.19944D+00,1.00000D+00
2.31152D-01,8.66764D-01,1.00000D+00
*5,20
1,-2,0,0
1,R36,R36,1
C19
4
3.307529D+02,4.984387D+01,1.111705D+01,2.922724D+00
3,1
5.355137D+00,1.370916D+00,4.037879D-01,1.149706D+00
1.799418D-02,1.246937D-01,4.343354D-01,5.609794D-01
-1.303871D-01,-2.514344D-01,1.205129D+00,1.00000D+00
6.374292D-02,2.761331D-01,7.773866D-01,1.00000D+00
*5,22
1,-2,0,0
2,R41,R41,1
C19,C52
6
2.06888D+03,3.10650D+02,7.06830D+01,1.98611D+01,6.29930D+00,
2.12703D+00
3,1
4.45657D+00,1.12201D+00,3.38780D-01,1.01045D-01
1.86627D-03,1.42515D-02,6.95516D-02,2.32573D-01,4.67079D-01,
3.63431D-01
-1.30394D-01,-1.30789D-01,1.13094D+00,1.00000D+00
7.45976D-02,3.07847D-01,7.43457D-01,1.00000D+00
*5,26
1,-3,0,0
2,R67,R67,1
C19,C51
6
2.85889D+03,4.28140D+02,9.75282D+01,2.79693D+01,8.21577D+00,
1.11278D+00
3,1,1
1.32415D+01,3.00166D+00,9.12856D-01,3.15454D-01,9.88563D-02
2.15375D-03,1.65823D-02,8.21870D-02,2.76618D-01,6.29316D-01,
1.73770D-01
1.17443D-01,9.18002D-01,-2.65105D-03,1.00000D+00,1.00000D+00
4.18100D-02,2.36575D-01,8.16214D-01,1.00000D+00,1.00000D+00
*5,10
1,-1,0,0
1,R24,R24,1
C19
2
3.140736E+1,4.500669E+0
2
1.046062E+0,1.853321E-1
2.650226E-1,8.319466E-1
-1.942415E-2,1.011627E+0
2.999362E-1,8.330214E-1
*5,15
1,-1,0,0
1,R24,R24,1
C19
3
1.055221E+2,1.579294E+1,3.346104E+0
3
2.277343E+0,4.595619E-1,1.245991E-1
7.033583E-2,3.944299E-1,6.651698E-1
-1.099655E-1,3.628715E-1,7.451286E-1
1.249312E-1,4.669353E-1,5.943895E-1
*5,20
1,-1,0,0
1,R24,R24,1
C19
4
3.059242E+2,4.610635E+1,1.026651E+1,2.680133E+0
4
4.139308E+0,1.022637E+0,3.134664E-1,9.613404E-2
1.974240E-2,1.355665E-1,4.581864E-1,5.295643E-1
-7.236250E-2,-4.185294E-2,5.905279E-1,5.150757E-1
5.306589E-2,2.152849E-1,4.783977E-1,4.669701E-1
*5,25
1,-1,0,0
1,R24,R24,1
C19
5
7.880088E+2,1.185756E+2,2.687508E+1,7.360178E+0,2.220012E+0
5
1.090269E+1,2.561946E+0,7.557046E-1,2.503916E-1,8.339601E-2
6.181648E-3,4.577285E-2,1.987729E-1,4.878824E-1,4.105983E-1
-1.600439E-2,-1.078546E-1,7.818702E-2,6.338602E-1,3.974152E-1
1.442356E-2,7.900701E-2,2.682473E-1,4.792736E-1,3.828827E-1
*5,30
1,-1,0,0
1,R24,R24,1
C19
6
1.895409E+3,2.846858E+2,6.475071E+1,1.817658E+1,5.744942E+0,1.923256E+0
6
1.562811E+1,3.902706E+0,1.345239E+0,4.914418E-1,1.806782E-1,6.703335E-2
2.081410E-3,1.586529E-2,7.692983E-2,2.511023E-1,4.836360E-1,3.224145E-1
-7.684427E-3,-6.582900E-2,-7.611211E-2,2.782199E-1,6.171486E-1,
2.398980E-1
8.521376E-3,4.120506E-2,1.322743E-1,3.284504E-1,4.552737E-1,2.648007E-1
*5,24
3,2,0,0
0,R2,R98,1
7,2,1
2788.41,419.039,96.4683,28.0694,9.37597,3.40623,1.30566,3.40623,
0.32448,0.10219
4,1
11.3413,2.43599,0.68358,0.21336,0.070114
0.001288,0.009835,0.047648,0.160069,0.362894,0.433582,0.140082,
-0.179330,1.062594,1.0
0.017988,0.110343,0.383072,0.647895,1.0
                                                                  CARBON
*6,5
1,1,0,0
1,R17,0,0
C37
2
9.407,0.3038
1
0.3545
*6,6
1,1,0,0
1,R17,0,0
C37
3
46.51,6.717,0.3117
1
0.3545
*6,10
1,1,0,0
1,R17,0,0
C37
4
156.7,23.57,5.039,0.2998
2
1.556,0.2795
*6,10
1,1,0,0
0,R44,0,0
4
1.5727333E+2,2.3590645E+1,5.0268973E+0,2.9685228E-1
2
1.5522554E+0,2.7837474E-1
*6,10
1,1,0,0
0,R33,0,0
4
157.342970,23.597440,5.027480,0.296721
2
1.560350,0.279900
*6,11
1,1,0,0
0,R33,0,0
5
456.24341,68.797136,15.385241,4.081633,0.296830
2
1.560346,0.279901
*6,14
1,1,0,0
0,R33,0,0
5
456.24300,68.797100,15.385200,4.081630,0.296830
3
4.187350,0.854050,0.199770
*6,11
1,1,0,0
2,R17,0,0
C37,C-12
5
381.0,59.18,13.79,3.833,0.2946
2
1.556,0.2795
*6,15
1,1,0,0
1,R17,0,0
C37
6
751.8,115.8,27.91,8.338,2.845,0.2903
3
4.279,0.8699,0.2036
*6,15
1,1,0,0
0,R44,0,0
6
1.1215357E+3,1.6890191E+2,3.8446267E+1,1.0749958E+1,3.3654709E+0,
2.9364024E-1
3
4.1965010E+0,8.5743330E-1,2.0184671E-1
*6,15
1,1,0,0
0,R49,0,0
6
4.8844120E+2,7.3610670E+1,1.6457259E+1,4.3668573E+0,5.7714563E-1,
1.8174507E-1
3
4.1861022E+0,8.5418613E-1,1.9987290E-1
*6,15
1,1,0,0
0,R33,0,0
6
488.72683,73.640524,16.461765,4.367720,0.577490,0.181844
3
4.187350,0.854050,0.199770
*6,15
1,1,0,0
1,R85,0,0
C30
6
4.8046706E+2,7.2399364E+1,1.6176349E+1,4.2859540E+0,5.1849216E-1,
1.4153009E-1
3
3.1706687E+0,6.2691455E-1,1.2521647E-1
*6,15
1,1,0,0
1,R85,0,0
C31
6
5.0035788E+2,7.5397932E+1,1.6865480E+1,4.4852298E+0,6.5312215E-1,
2.3276460E-1
3
5.1892920E+0,1.0829883E+0,2.7928977E-1
*6,15
1,1,0,0
1,R85,0,0
C30
6
1.0853417E+3,1.6334256E+2,3.7172240E+1,1.0413297E+1,3.2831987E+0,
2.6571746E-1
3
3.1196658E+0,6.1476135E-1,1.2279856E-1
*6,15
1,1,0,0
1,R85,0,0
C31
6
1.1656708E+3,1.7548470E+2,3.9922724E+1,1.1142114E+1,3.4732242E+0,
3.3851836E-1
3
5.2160257E+0,1.0907666E+0,2.8236264E-1
*6,15
1,-1,0,0
1,R85,0,0
C29
3
3.3660124E+2,5.0756098E+1,1.1294674E+1
3
3.0558217E+0,4.5289992E-1,6.2962256E-2
*6,15
1,-1,0,0
1,R85,0,0
C30
3
4.4703396E+2,6.7386931E+1,1.5081894E+1
3
4.0632443E+0,7.2929919E-1,1.5269430E-1
*6,15
1,-1,0,0
1,R85,0,0
C31
3
5.3640770E+2,8.0838384E+1,1.8131485E+1
3
4.8642631E+0,1.0420018E+0,2.8192582E-1
*6,16
1,1,0,0
0,R28,0,0
7
1412.29,206.885,45.8498,12.3887,3.72337,0.524194,0.163484
3
4.18286,0.851563,0.199206
*6,17
1,1,0,0
0,R33,0,0
8
3047.4200,457.68700,104.19600,29.356300,9.360540,3.188800,0.528300,
0.162070
3
4.187350,0.854050,0.199770
*6,19
1,1,0,0
0,R33,0,0
7
1267.1800,190.60400,43.247700,11.964900,3.663120,0.539160,0.167130
4
9.464520,2.006580,0.546940,0.151970
*6,16
1,1,0,0
2,R17,0,0
C37,C-12
7
994.7,160.0,39.91,11.82,3.698,0.6026,0.1817
3
4.279,0.8699,0.2036
*6,20
1,1,0,0
1,R17,0,0
C37
8
2686.0,394.5,87.66,24.22,7.695,2.677,0.5900,0.1792
4
14.64,2.836,0.7087,0.1807
*6,20
1,1,0,0
0,R44,0,0
8
3.0687881E+3,4.6095526E+2,1.0493298E+2,2.9548590E+1,9.4080951E+0,
3.1978510E+0,5.2799265E-1,1.6194301E-1
4
9.4411257E+0,2.0016674E+0,5.4570715E-1,1.5171000E-1
*6,21
1,1,0,0
0,R33,0,0
9
5182.9500,778.75600,178.07300,50.877900,16.787600,6.143620,2.403980,
0.511900,0.156590
4
9.464520,2.006580,0.546940,0.151970
*6,23
1,1,0,0
2,R66,0,0
C48,C49
8
2779.47,417.661,95.4879,27.0796,8.74924,3.04359,0.527582,0.161372
5
9.68947,2.05369,0.558755,0.154484,0.081
*6,25
1,1,0,0
0,R33,0,0
10
8806.6500,1319.2800,299.51900,84.338800,27.133700,9.493350,3.486330,
1.017480,0.393720,0.134280
5
18.841800,4.159240,1.206710,0.385540,0.121940
*6,28
1,1,0,0
2,R66,0,0
C48,C49
10
9470.52,1397.56,307.436,84.6057,26.9218,9.41299,3.47982,1.07123,
0.400791,0.135166
6
25.6271,5.84607,1.79935,0.654333,0.248692,0.090927
*6,28
1,1,0,0
0,R33,0,0
10
8806.6534,1319.2820,299.51876,84.338836,27.133675,9.493353,3.486330,
1.017479,0.393724,0.134271
6
32.692100,7.472610,2.239240,0.772810,0.274840,0.095840
*6,29
1,1,0,0
0,R33,0,0
11
15469.390,2316.4728,527.09954,149.438371,48.856223,17.620929,6.810816,
2.727595,0.756743,0.300728,0.114093
6
32.692074,7.472611,2.239237,0.772812,0.274838,0.095838
*6,30
1,1,0,0
0,R33,0,0
12
27736.600,4143.5200,939.51400,264.79500,85.779000,30.667400,11.818100,
4.866880,2.096880,0.678100,0.262970,0.102590
6
32.692100,7.472610,2.239240,0.772810,0.274840,0.095840
*6,32
1,1,0,0
1,R15,0,0
C56
11
16371.074,2439.1239,545.16766,151.00382,47.803990,16.435663,6.0491953,
2.3847879,0.64042048,0.24404026,0.09689475
7
39.800618,9.3119402,2.9108428,1.0695488,0.42660240,0.17388859,
0.07052184
*6,33
1,1,0,0
0,R33,0,0
12
27736.592,4143.5162,939.51400,264.795236,85.778961,30.667350,11.818056,
4.866884,2.096878,0.678103,0.262973,0.102594
7
51.723308,12.339664,3.772243,1.324869,0.505457,0.198268,0.077314
*6,34
1,1,0,0
0,R33,0,0
13
50557.500,7524.7900,1694.3300,472.82300,151.71100,53.918700,20.659300,
8.383980,3.577020,1.547120,0.613010,0.246070,0.099090
7
51.723300,12.339700,3.772240,1.324870,0.505460,0.198270,0.077310
*6,5
1,0,0,0
1,R10,R10,1
C2,C32
5
3730.0,560.0,128.0,36.40,11.70
0.4872360,0.8974438,1.461983,1.961368,1.901982
*6,5
1,0,0,0
1,R10,R10,1
C2,C32
5
4232.61,634.88,146.097,42.4974,14.1892
0.4576438,0.8450632,1.365402,1.843826,1.876319
*6,10
2,1,0,0
2,R16,R16,1
C9,C-3
2,2
2.70562E+01,4.58147E+00,9.92332E+00,2.57830E-01
2
1.06235E+00,1.95567E-01
4.43670E-01,6.71724E-01,-2.65805E-01,1.01198E+00
5.17105E-01,6.55401E-01
*6,10
2,1,0,0
1,R24,R24,1
C19
2,2
4.610255E+1,6.653506E+0,7.441596E+0,2.948745E-1
2
1.531474E+0,2.746815E-1
2.669850E-1,8.300199E-1,-7.193301E-2,1.014602E+0
3.376222E-1,8.051966E-1
*6,11
4,2,0,0
0,R60,R60,1
2,1,1,1
231.6,31.57,6.095,0.5666,0.1772
1,1
1.689,0.2025
0.12467,0.92904,1.0,1.0,1.0
1.0,1.0
*6,15
2,1,0,0
2,R16,R16,1
C9,C-3
3,3
6.96723E+01,1.24425E+01,3.22218E+00,8.36517E+00,3.79382E-01,1.22254E-01
3
2.32349E+00,5.01410E-01,1.31779E-01
1.67701E-01,5.43355E-01,4.31954E-01,-2.88780E-01,7.00773E-01,0.373432,
2.33214E-01,5.74322E-01,4.13243E-01
*6,15
2,1,0,0
0,R68,R68,1
3,3
1.53396E+2,2.30596E+1,4.92985E+0,4.39495E+0,6.58157E-1,1.98374E-1
3
4.23235E+0,8.61673E-1,2.01326E-1
7.07666E-2,3.95356E-1,6.63169E-1,-9.26218E-2,3.40674E-1,7.43772E-1
1.10281E-1,4.62034E-1,6.27665E-1
*6,15
2,1,0,0
0,R73,R73,1
3,3
153.17226,23.07303,4.92329,5.72557,0.45504,0.14707
3
4.25131,0.86327,0.20135
0.07074,0.39538,0.66331,-0.08138,0.57485,0.50241
0.10993,0.46271,0.62751
*6,15
2,1,0,0
0,R51,R51,4
4,2
4.9923412E+2,7.5253389E+1,1.6865227E+1,4.5265710E+0,8.9738894E-1,
2.1746646E-1
3
4.5265710E+0,8.9738894E-1,2.1746646E-1
0.01765640,0.12282758,0.43373349,0.56063372,0.22859251,0.82551782
0.10495470,0.44824499,0.63870899
0,R51
3,2,0,0
4,1,1
0.01765640,0.12282758,0.43373349,0.56063372,1.0,1.0
2,1
0.20713654,0.88464756,1.0
0,R51
4,2,0,0
3,1,1,1
0.03326936,0.23143979,0.81726912,1.0,1.0,1.0
2,1
0.20713654,0.88464756,1.0
0,R51
4,3,0,0
3,1,1,1
0.03326936,0.23143979,0.81726912,1.0,1.0,1.0
1,1,1
1.0,1.0,1.0
*6,15
2,1,0,0
1,R24,R24,1
C19
3,3
1.552622E+2,2.328926E+1,4.948442E+0,5.793223E+0,4.472592E-1,1.440200E-1
3
4.152398E+0,8.464664E-1,1.981786E-1
6.960382E-2,3.936907E-1,6.658730E-1,-8.215337E-2,6.034712E-1,4.736710E-1
1.124423E-1,4.657363E-1,6.227623E-1
*6,16
2,1,0,0
2,R8,R8,1
C2,C-4,C-9
5,2
391.445,64.7358,16.2247,5.33460,2.00995,0.502323,0.155139
3
4.31613,0.873682,0.20286
0.02220,0.13285,0.38435,0.45798,0.15441,0.56673,0.55692
0.10845,0.46116,0.63043
*6,16
2,1,0,0
1,R33,R56,1
C45
5,2
1267.1840,190.60398,43.247698,11.964903,3.663116,0.539158,0.167130
3
4.187345,0.854053,0.199770
0.005489,0.040625,0.181793,0.458558,0.457314,0.410472,0.645265
0.112119,0.468083,0.620758
*6,16
2,1,0,0
0,R73,R73,1
4,3
451.88826,67.99899,15.14702,3.96983,5.39688,0.46686,0.14875
3
4.21807,0.85846,0.20046
0.01943,0.13400,0.45909,0.52936,-0.08356,0.57272,0.50785
0.11103,0.46415,0.62538
*6,16
2,1,0,0
0,R51,R51,4
5,2
1.2611106E+3,1.8970866E+2,4.3042165E+1,1.1913771E+1,3.6715984E+0,
7.7353222E-1,1.9775148E-1
3
3.6715984E+0,7.7353222E-1,1.9775148E-1
0.00556281,0.04144372,0.18329154,0.46893064,0.44378872,0.32010759,
0.74386957
0.13074760,0.47295150,0.59255451
0,R51
3,2,0,0
5,1,1
0.00556281,0.04144372,0.18329154,0.46893064,0.44378872,1.0,1.0
2,1
0.23764624,0.85963449,1.0
0,R51
4,2,0,0
4,1,1,1
0.00870934,0.06488580,0.28696793,0.73417494,1.0,1.0,1.0
2,1
0.23764624,0.85963449,1.0
0,R51
4,3,0,0
4,1,1,1
0.00870934,0.06488580,0.28696793,0.73417494,1.0,1.0,1.0
1,1,1
1.0,1.0,1.0
*6,18
5,3,0,0
2,R10,R10,1
C2,C15
5,1,1,1,1
4232.61,634.88,146.097,42.4974,14.1892,5.18,1.965,0.472,0.158
1,1,1
5.33,1.030,0.217
0.4576438,0.8450632,1.365402,1.843826,1.876319,1.0,1.0,1.0,1.0
1.0,1.0,1.0
*6,18
5,3,0,0
2,R10,R10,1
C2,C15
5,1,1,1,1
4232.61,634.88,146.097,42.4974,14.1892,13.670,3.820,0.8130,0.2940
1,1,1
5.32,1.030,0.2170
0.4576438,0.8450632,1.365402,1.843826,1.876319,1.0,1.0,1.0,1.0
1.0,1.0,1.0
*6,18
2,1,0,0
0,R73,R73,1
3,3
153.17226,23.07303,4.92329,5.72557,0.45504,0.14707
4
9.46891,2.00766,0.54643,0.15185
0.07074,0.39538,0.66331,-0.08138,0.57485,0.50241
0.03785,0.20843,0.50867,0.46978
*6,19
2,1,0,0
0,R73,R73,1
4,3
451.90190,67.99577,15.14423,3.96843,5.40077,0.46395,0.14736
4
9.47460,2.00714,0.54621,0.15171
0.01943,0.13400,0.45910,0.52937,-0.08349,0.57839,0.50233
0.03790,0.20895,0.50882,0.46929
*6,20
2,1,0,0
2,R16,R16,1
C9,C-3
4,4
1.58792E+02,2.88682E+01,7.82464E+00,2.49060E+00,3.21659E+01,5.55089E+00,
4.25297E-01,1.34626E-01
4
4.62017E+00,1.05731E+00,3.11279E-01,9.88179E-02
6.48888E-02,2.81520E-01,5.33898E-01,2.70732E-01,-8.74263E-02,-0.244412,
6.46492E-01,4.47923E-01
9.97415E-02,3.55975E-01,5.25896E-01,2.54533E-01
*6,20
2,1,0,0
0,R51,R51,4
6,2
2.3244303E+3,3.4919703E+2,7.9295146E+1,2.2004892E+1,6.7038232E+0,
2.0353844E+0,5.9444227E-1,1.6608713E-1
4
6.7038232E+0,2.0353844E+0,5.9444227E-1,1.6608713E-1
0.00255265,0.01940426,0.09313516,0.30020987,0.52911693,0.21452025,
0.48213074,0.58585875
0.04867740,0.17542941,0.48705812,0.50482262
0,R51
3,2,0,0
6,1,1
0.00255265,0.01940426,0.09313516,0.30020987,0.52911693,0.21452025,
1.0,1.0
3,1
0.07682543,0.27687260,0.76870265,1.0
0,R51
4,2,0,0
4,2,1,1
0.00664413,0.05050615,0.24241582,0.78139793,0.74647232,0.30264280,
1.0,1.0
3,1
0.07682543,0.27687260,0.76870265,1.0
0,R51
4,3,0,0
4,2,1,1
0.00664413,0.05050615,0.24241582,0.78139793,0.74647232,0.30264280,
1.0,1.0
2,1,1
0.23109901,0.83286207,1.0,1.0
*6,20
2,1,0,0
1,R24,R24,1
C19
4,4
4.466221E+2,6.734026E+1,1.498591E+1,3.944722E+0,2.444207E+1,5.114090E+0,
4.688586E-1,1.486947E-1
4
9.428069E+0,1.997720E+0,5.439079E-1,1.511528E-1
1.967742E-2,1.355229E-1,4.615983E-1,5.252413E-1,-9.937562E-3,
-9.477617E-2,5.783725E-1,5.071269E-1
3.811267E-2,2.096638E-1,5.090003E-1,4.683674E-1
*6,20
4,3,0,0
0,R33,R58,1
5,1,1,1
3047.4211,457.68717,104.19592,29.356261,9.360538,3.188803,0.528295,
0.162074
2,1,1
9.464518,2.006582,0.546943,0.151974
0.001832,0.014005,0.068332,0.229482,0.463426,1.0,1.0,1.0
0.037978,0.208938,1.0,1.0
*6,20
2,1,0,0
1,R34,R34,1
C19
5,3
1010.0,159.5,39.11,11.50,3.564,0.4593,0.3222,0.1196
4
13.76,2.752,0.6932,0.1783
0.0068812,0.0473445,0.1849326,0.4570409,0.4473388,0.3153853,0.3859611,
0.3522476
0.0230551,0.1568288,0.4871830,0.5498280
*6,24
3,2,0,0
0,R2,R26,5
6,1,2
4232.61,634.882,146.097,42.4974,14.1892,1.96655,5.14773,0.49624,0.15331
4,1
18.1557,3.98640,1.14293,0.35945,0.11460
0.002029,0.015535,0.075411,0.257121,0.596555,0.242517,1.0,0.542048,
0.517121
0.018534,0.115442,0.386206,0.640089,1.0
0,R26
4,2,0,0
6,1,1,1
0.002029,0.015535,0.075411,0.257121,0.596555,0.242517,1.0,1.0,1.0
4,1
0.018534,0.115442,0.386206,0.640089,1.0
0,R26
4,3,0,0
6,1,1,1
0.002029,0.015535,0.075411,0.257121,0.596555,0.242517,1.0,1.0,1.0
3,1,1
0.039196,0.244144,0.816775,1.0,1.0
0,R26
5,3,0,0
4,2,1,1,1
0.006228,0.047676,0.231439,0.789108,0.791751,0.321870,1.0,1.0,1.0
3,1,1
0.039196,0.244144,0.816775,1.0,1.0
0,R71
4,2,0,0
5,2,1,1
0.002336,0.017884,0.086818,0.298521,0.686791,0.257253,0.772924,1.0,1.0
3,2
0.039196,0.244143,0.816773,0.668140,0.417933
*6,24
5,3,0,0
1,R7,R7,2
C2,C-2,C8
3,2,2,1,1
4232.6135,634.88214,146.09733,42.497407,14.189191,5.1477270,1.9665531,
0.49624131,0.15331255
2,1,2
18.155743,3.9864027,1.1429264,0.35945044,0.11459525
0.00122,0.00934,0.04543,0.15459,0.35867,0.43809,0.14581,1.0,1.0
0.01469,0.09150,1.0,0.50734,0.31735
1,R7
C2,C-2,C8
3,2,0,0
4,3,2
0.00122,0.00934,0.04543,0.15459,0.35867,0.43809,0.14581,0.57408,0.54768
3,2
0.01469,0.09150,0.30611,0.50734,0.31735
*6,24
4,2,0,0
1,R33,R56,2
C45
5,2,1,1
5240.6353,782.20480,178.35083,50.815942,16.823562,6.175776,2.418049,
0.511900,0.156590
3,2
18.8418,4.15924,1.20671,0.385540,0.121940
0.002065,0.015932,0.080112,0.287882,0.703005,0.694082,0.340063,1.0,1.0
0.039235,0.243756,0.815895,0.642772,0.446523
0,R52
4,2,0,0
5,2,1,1
0.002050,0.015830,0.079820,0.288040,0.703070,0.692390,0.341850,1.0,1.0
4,1
0.018060,0.112220,0.375540,0.649530,1.0
*6,24
5,5,0,0
2,R10,R10,1
C2,C15
5,1,1,1,1
3730.0,560.0,128.0,36.40,11.70,13.67,3.82,0.813,0.294
1,1,1,1,1
15.60,4.420,1.00,0.3080,0.100
0.4872360,0.8974438,1.461983,1.961368,1.901982,1.0,1.0,1.0,1.0
1.0,1.0,1.0,1.0,1.0
*6,25
4,2,0,0
2,R11,R11,1
C-2,C-5
3,4,2,1
2548.72600,781.64950,159.62740,41.84270,17.18930,7.05910,2.52690,
4.93440,0.47350,0.14800
4,1
18.15570,3.98640,1.14293,0.35945,0.11460
0.029314,0.121599,0.904751,0.153480,0.243311,0.453799,0.269832,
-0.146302,1.053375,1.0
0.018533,0.115440,0.386200,0.640080,1.0
*6,25
2,1,0,0
2,R16,R16,1
C9,C-3
5,5
3.31721E+02,6.06526E+01,1.67641E+01,5.57019E+00,2.00035E+00,1.09035E+02,
1.94645E+01,4.92974E+00,4.34254E-01,1.36599E-01
5
8.47057E+00,1.99717E+00,6.36543E-01,2.22021E-01,7.90942E-02
2.67246E-02,1.32194E-01,3.57970E-01,4.73626E-01,1.63231E-01,-0.0221083,
-9.93570E-02,-2.18766E-01,6.38578E-01,4.60236E-01
4.37032E-02,1.90648E-01,4.05403E-01,4.43937E-01,1.57627E-01
*6,25
5,3,0,0
0,R44,R50,1
6,1,1,1,1
8.8658342E+3,1.3134599E+3,2.9564442E+2,8.2818509E+1,2.6626378E+1,
9.3410511E+0,3.4445878E+0,1.0073622E+0,3.9065041E-1,1.3364098E-1
3,1,1
1.8321706E+1,4.0507237E+0,1.1806544E+0,3.7767558E-1,1.1946023E-1
0.00070922,0.00556950,0.02899306,0.11387410,0.33043240,0.62434134,1.0,
1.0,1.0,1.0
0.04014854,0.24658739,0.81288870,1.0,1.0
*6,25
2,1,0,0
1,R24,R24,1
C19
5,5
1.157968E+3,1.742169E+2,3.950940E+1,1.086781E+1,3.292347E+0,1.639284E+1,
4.359020E+0,5.829277E-1,2.382709E-1,9.805799E-2
5
1.867211E+1,4.123790E+0,1.197237E+0,3.818039E-1,1.205754E-1
6.092928E-3,4.521420E-2,1.976763E-1,4.882354E-1,4.107026E-1,
-1.503645E-2,-9.440515E-2,3.752337E-1,5.252502E-1,1.985425E-1
1.406610E-2,8.707472E-2,2.905790E-1,5.012192E-1,3.427061E-1
*6,29
5,3,0,0
0,R2,R32,2
6,2,1,1,1
9470.52,1397.56,307.539,84.5419,26.9117,9.40900,9.40900,3.50002,
1.06803,0.40017,0.13512
4,1,1
25.3655,5.77636,1.78730,0.65771,0.24805,0.091064
0.000776,0.006218,0.033575,0.134278,0.393668,0.544169,0.248075,0.782844,
1.0,1.0,1.0
0.016295,0.102098,0.340228,0.668269,1.0,1.0
0,R32
5,4,0,0
6,2,1,1,1
0.000776,0.006218,0.033575,0.134278,0.393668,0.544169,0.248075,0.782844,
1.0,1.0,1.0
3,1,1,1
0.038802,0.243118,0.810162,1.0,1.0,1.0
*6,29
4,2,0,0
0,R22,R22,1
3,3,2,3
0.16371074E+5,0.24391239E+4,0.54516766E+3,0.15100382E+3,0.47803990E+2,
0.16445663E+2,0.59491182E+1,0.22158781E+1,0.56937124E+0,0.21811018E+0,
0.88432497E-1
3,3
0.24178811E+2,0.57634925E+1,0.17994821E+1,0.62738153E+0,0.22321395E+0,
0.79618113E-1
0.21209123E-1,0.16414017E+0,0.87510685E+0,0.86460628E-1,0.28645409E+0,
0.69939809E+0,0.72521862E+0,0.31046045E+0,0.40210571E+0,0.51738733E+0,
0.14631886E+0
0.40811332E-1,0.23370981E+0,0.81589670E+0,0.44674694E+0,0.50433069E+0,
0.18234560E+0
*6,32
5,3,0,0
3,R13,R13,2
C2,C5,C8
5,3,1,1,1
9470.52,1397.56,307.539,84.5419,26.9117,9.40900,3.50002,1.23220,
0.423084,0.147699,0.048957
4,1,2
25.3655,5.77636,1.78730,0.655774,0.252790,0.096693,0.027189
0.00044,0.00358,0.01932,0.07746,0.22631,0.42862,0.35277,0.04816,1.0,1.0,
1.0
0.00876,0.05464,0.18365,0.35652,1.0,0.21158,0.00869
3,R13
C2,C5,C8
5,3,0,0
6,1,1,2,1
0.00044,0.00358,0.01932,0.07746,0.22631,0.42862,1.0,1.0,0.588800,
0.45624,1.0
4,1,2
0.00876,0.05464,0.18365,0.35652,1.0,0.21158,0.00869
*6,32
4,2,0,0
1,R33,R56,1
C45
6,2,2,1
15469.400,2316.4700,527.09900,149.43800,48.856200,17.620900,6.810820,
2.727600,0.756740,0.300730,0.114090
5,2
51.723300,12.339700,3.772240,1.324870,0.505460,0.198270,0.077310
0.000573,0.004423,0.023101,0.091964,0.293954,0.675048,0.645586,
0.389201,0.260642,0.767567,1.0
0.004340,0.030054,0.128189,0.361253,0.616805,0.769896,0.279376
*6,34
4,2,0,0
1,R15,R15,1
C6
4,4,3,2
16067.118,2365.8824,542.29752,148.23131,46.007872,15.853338,5.8801611,
2.2821385,4.1833454,0.61690053,0.27424365,0.13395691,0.06156188
4,3
42.0201,8.90332,2.57917,0.894870,0.338303,0.137610,0.055645
0.00488113,0.03666171,0.19235652,0.83226855,0.14054240,0.33170913,
0.44811123,0.20070592,-0.11120774,0.45737488,0.61628652,0.88103498,
0.13097420
0.00972229,0.07475669,0.30378031,0.72648088,0.59375648,0.40757742,
0.08518435
*6,37
5,3,0,0
1,R33,R56,2
C45
7,3,1,1,1
50557.501,7524.7856,1694.3276,472.82279,151.71075,53.918746,20.659311,
8.383976,3.577015,1.547118,0.613013,0.246068,0.099087
5,2,1
83.333155,19.557611,6.080365,2.179317,0.865150,0.361944,0.154740,
0.065429
0.000153,0.001200,0.006399,0.027278,0.097307,0.287874,0.666588,
0.530312,0.425728,0.094648,1.0,1.0,1.0
0.002975,0.022853,0.101629,0.320766,0.669287,0.584314,0.468147,1.0
0,R92
7,4,0,0
6,2,1,1,1,1,1
0.000055,0.000434,0.002316,0.009872,0.035217,0.104184,0.241255,0.383929,
1.0,1.0,1.0,1.0,1.0
4,2,1,1
0.001254,0.009640,0.042873,0.135108,0.282296,0.380143,1.0,1.0
*6,15
1,-2,0,0
2,R75,R75,1
C19,C50
3
1.72256D+02,2.59109D+01,5.53335D+00
2,1
3.66498D+00,7.70545D-01,1.95857D-01
6.17669D-02,3.58794D-01,7.00713D-01
-3.95897D-01,1.21584D+00,1.00000D+00
2.36460D-01,8.60619D-01,1.00000D+00
*6,16
1,-2,0,0
2,R77,R77,1
C19,C50
4
5.14836D+02,7.73470D+01,1.72534D+01,4.55754D+00
2,1
3.66498D+00,7.70545D-01,1.95857D-01
1.65399D-02,1.16447D-01,4.19945D-01,5.80709D-01
-3.95897D-01,1.21584D+00,1.00000D+00
2.36460D-01,8.60619D-01,1.00000D+00
*6,16
1,-2,0,0
3,R65,R65,1
C19,C50,C-31
4
4.86967D+02,7.33711D+01,1.64135D+01,4.34498D+00
2,1
3.90914D+00,8.05908D-01,2.16909D-01
1.77258D-02,1.23478D-01,4.33875D-01,5.61504D-01
1.00000D+00,-2.52500D+00,1.00000D+00
1.00000D+00,3.67744D+00,1.00000D+00
*6,18
1,-2,0,0
1,R75,R75,1
C19
6
3.04752D+03,4.56424D+02,1.03653D+02,2.92258D+01,9.34863D+00,
3.18904D+00
2,1
3.66498D+00,7.70545D-01,1.95857D-01
1.82588D-03,1.40566D-02,6.87570D-02,2.30422D-01,4.68463D-01,
3.62780D-01
-3.95897D-01,1.21584D+00,1.00000D+00
2.36460D-01,8.60619D-01,1.00000D+00
*6,20
1,-2,0,0
1,R31,R31,1
C19
4
4.869669D+02,7.337109D+01,1.641346D+01,4.344984D+00
3,1
8.673525D+00,2.096619D+00,6.046513D-01,1.697095D-01
1.772582D-02,1.234779D-01,4.338754D-01,5.615042D-01
-1.213837D-01,-2.273385D-01,1.185174D+00,1.000000D+00
6.354538D-02,2.982678D-01,7.621032D-01,1.000000D+00
*6,21
1,-2,0,0
1,R35,R35,1
C19
5
1.264250D+03,1.901443D+02,4.312859D+01,1.194438D+01,3.651485D+00
3,1
7.942731D+00,1.907238D+00,5.535774D-01,1.585120D-01
5.473496D-03,4.079115D-02,1.812203D-01,4.634825D-01,4.524712D-01
-1.207731D-01,-1.697932D-01,1.149812D+00,1.000000D+00
6.867750D-02,3.141029D-01,7.459685D-01,1.000000D+00
*6,22
1,-2,0,0
1,R35,R35,1
C19
6
3.047525D+03,4.573695D+02,1.039487D+02,2.921016D+01,9.286663D+00,
3.163927D+00
3,1
7.868272D+00,1.881289D+00,5.442493D-01,1.559860D-01
1.834737D-03,1.403732D-02,6.884262D-02,2.321844D-01,4.679413D-01,
3.623120D-01
-1.193324D-01,-1.608542D-01,1.143456D+00,1.000000D+00
6.899907D-02,3.164240D-01,7.443083D-01,1.000000D+00
*6,26
1,-3,0,0
2,R67,R67,1
C19,C51
6
4.56324D+03,6.82024D+02,1.54973D+02,4.44553D+01,1.30290D+01,
1.82773D+00
3,1,1
2.09642D+01,4.80331D+00,1.45933D+00,4.83456D-01,1.45585D-01
1.96665D-03,1.52306D-02,7.61269D-02,2.60801D-01,6.16462D-01,
2.21006D-01
1.14660D-01,9.19999D-01,-3.03068D-03,1.00000D+00,1.00000D+00
4.02487D-02,2.37594D-01,8.15854D-01,1.00000D+00,1.00000D+00
*6,10
1,-1,0,0
1,R24,R24,1
C19
2
4.610789E+1,6.672552E+0
2
1.602488E+0,2.869303E-1
2.636678E-1,8.322659E-1
-7.074384E-3,1.004286E+0
3.281618E-1,8.121822E-1
*6,15
1,-1,0,0
1,R24,R24,1
C19
3
1.543460E+2,2.314469E+1,4.941932E+0
3
3.766137E+0,7.854455E-1,2.000463E-1
6.991845E-2,3.952336E-1,6.638258E-1
-1.105435E-1,3.264866E-1,7.813513E-1
1.269707E-1,4.692911E-1,5.990386E-1
*6,20
1,-1,0,0
1,R24,R24,1
C19
4
4.494023E+2,6.773945E+1,1.514323E+1,3.980903E+0
4
7.160910E+0,1.722269E+0,5.089629E-1,1.500178E-1
1.949184E-2,1.344861E-1,4.574048E-1,5.303019E-1
-6.659190E-2,-5.668624E-2,5.809462E-1,5.343484E-1
5.191113E-2,2.258677E-1,4.931223E-1,4.517697E-1
*6,25
1,-1,0,0
1,R24,R24,1
C19
5
1.157401E+3,1.741360E+2,3.950136E+1,1.085467E+1,3.285545E+0
5
1.728474E+1,3.998293E+0,1.185257E+0,3.877309E-1,1.258553E-1
6.098023E-3,4.524664E-2,1.976585E-1,4.891760E-1,4.098040E-1
-1.611350E-2,-1.094827E-1,8.456425E-2,6.361284E-1,3.931382E-1
1.532730E-2,8.856041E-2,2.883773E-1,4.861347E-1,3.546724E-1
*6,30
1,-1,0,0
1,R24,R24,1
C19
6
2.751605E+3,4.132890E+2,9.401787E+1,2.637295E+1,8.353770E+0,2.812598E+0
6
3.397107E+1,8.127950E+0,2.577665E+0,8.842232E-1,3.106437E-1,1.085403E-1
2.082879E-3,1.588389E-2,7.717846E-2,2.540942E-1,4.865640E-1,3.151894E-1
-4.100587E-3,-4.735284E-2,-1.014565E-1,2.226487E-1,6.307756E-1,
2.868040E-1
5.468952E-3,3.296395E-2,1.263351E-1,3.295291E-1,4.654348E-1,2.780369E-1
*6,24
3,2,0,0
0,R2,R98,1
7,2,1
4232.61,634.882,146.097,42.4974,14.1892,5.14773,1.96655,5.14773,
0.49624,0.15331
4,1
18.1557,3.98640,1.14293,0.35945,0.11460
0.001220,0.009342,0.045452,0.154657,0.358866,0.438632,0.145918,
-0.168367,1.060091,1.0
0.018539,0.115436,0.386188,0.640114,1.0
