D.BASIS3                                                          SODIUM
*11,15
1,1,0,0
0,R30,0,0
6
111.227,19.3927,2.03032,0.673459,0.0568152,0.0243412
3
10.4051,2.26735,0.574517
*11,22
1,1,0,0
0,R28,0,0
10
9387.07,1415.03,326.160,94.0976,31.2957,11.1802,2.26229,0.723387,
0.074103,0.032716
4
39.1856,8.75009,2.42775,0.661647
*11,18
3,1,0,0
0,R82,R82,1
3,3,3
542.76053,81.95947,17.72377,23.28042,1.86834,0.62325,0.50673,0.05351,
0.02080
3
17.83636,3.79569,0.87751
0.06841,0.39209,0.66608,-0.08380,0.58279,0.49247,-0.11576,0.69585,
0.38104
0.12571,0.48046,0.60228
*11,19
3,1,0,0
0,R82,R82,1
4,3,3
1579.33764,237.83356,53.48980,14.22567,21.45916,1.94861,0.64045,
0.49202,0.05415,0.02135
3
17.94519,3.81486,0.88032
0.01901,0.13204,0.45907,0.52894,-0.08571,0.56946,0.50984,-0.11559,
0.68349,0.39392
0.12489,0.47971,0.60376
*11,19
2,1,0,0
1,R80,R80,1
C31
5,2
3813.79,575.129,129.737,36.9670,12.0423,1.89634,0.598676
4
29.7297,6.56228,1.85913,0.547811
0.006410,0.047660,0.210053,0.475593,0.403516,0.557662,0.499375
0.063345,0.299397,0.521825,0.353708
*11,21
3,1,0,0
1,R56,R56,1
C45
6,2,1
6902.67,1059.04,255.445,77.3172,26.8224,10.0718,2.17902,0.689482,
0.040274
4
38.9438,8.71012,2.42053,0.661896
0.003063,0.022198,0.095576,0.280448,0.452587,0.293130,0.446402,
0.609148,1.0
0.042422,0.229433,0.509774,0.450800
*11,21
3,1,0,0
0,R80,R80,1
5,2,2
3442.72,462.551,100.543,30.8904,11.1519,2.21203,0.697563,0.054927,
0.023611
4
38.9438,8.71012,2.42053,0.661896
0.007627,0.064893,0.263942,0.461485,0.346389,0.434326,0.621055,
0.510088,0.521820
0.042401,0.229363,0.509793,0.450840
*11,22
3,1,0,0
0,R82,R82,1
4,3,3
1584.62613,237.93226,53.48784,14.22088,21.42052,1.94477,0.63758,
0.52440,0.05407,0.02106
4
38.22544,8.52713,2.36602,0.64731
0.01896,0.13204,0.45899,0.52910,-0.08586,0.57234,0.50724,-0.11339,
0.70084,0.37434
0.04370,0.23443,0.51289,0.44280
*11,30
6,2,0,0
2,R14,R14,4
C2,C8
4,4,1,1,1,1
36631.1,5385.07,1216.20,339.529,109.563,38.7834,14.5790,5.27901,1.82902,
0.620535,0.058065,0.024617
4,2
148.928,34.5149,10.6045,3.67106,1.28490,0.430941
0.00038,0.00305,0.01599,0.06427,0.19481,0.40099,0.39267,0.08282,1.0,1.0,
1.0,1.0
0.00513,0.03791,0.15341,0.35313,0.45550,0.24372
3,R14
C2,C7,C8
6,2,0,0
5,3,1,1,1,1
0.00038,0.00305,0.01599,0.06427,0.19481,0.40099,0.39267,0.08282,1.0,1.0,
1.0,1.0
4,2
0.00513,0.03791,0.15341,0.35313,0.45550,0.24372
2,R14
C2,C8
6,2,0,0
6,2,1,1,1,1
0.00038,0.00305,0.01599,0.06427,0.19481,0.40099,0.39267,0.08282,1.0,1.0,
1.0,1.0
4,2
0.00513,0.03791,0.15341,0.35313,0.45550,0.24372
2,R14
C2,C8
6,2,0,0
7,1,1,1,1,1
0.00038,0.00305,0.01599,0.06427,0.19481,0.40099,0.39267,1.0,1.0,1.0,1.0,
1.0
4,2
0.00513,0.03791,0.15341,0.35313,0.45550,0.24372
*11,33
7,4,0,0
1,R14,R55,1
C17
5,1,2,1,1,1,1
36631.1,5385.07,1216.20,339.529,109.563,38.7834,14.5790,5.27901,1.82902,
0.620535,0.058065,0.024617
4,1,1,1
148.928,34.5149,10.6045,3.67106,1.28490,0.430941,0.04
0.00038,0.00305,0.01599,0.06427,0.19481,1.0,0.39267,0.08282,1.0,1.0,1.0,
1.0
0.00513,0.03791,0.15341,0.35313,1.0,1.0,1.0
*11,34
6,2,0,0
1,R56,R56,2
C45
5,3,1,1,2,1
36560.3,5445.66,1227.61,344.892,111.315,39.1237,14.7512,5.41556,
1.83998,0.629835,0.077319,0.058588,0.021627
5,2
149.655,34.5707,10.7091,3.68120,1.30773,0.478874,0.162853
0.001509,0.011800,0.061838,0.245865,0.756561,0.485557,0.475703,
0.105395,1.0,1.0,-0.317879,1.311905,1.0
0.006139,0.044697,0.181493,0.422179,0.522860,0.932406,0.092609
1,R56
C45
6,2,0,0
6,2,1,1,2,1
0.000626,0.004892,0.025636,0.101936,0.313652,0.650496,-0.839545,
-0.185963,1.0,1.0,-0.346224,1.339579,1.0
5,2
0.006145,0.044794,0.181657,0.422439,0.522423,0.932403,0.092613
*11,35
4,2,0,0
0,R25,R25,1
4,4,3,3
0.26211458E+5,0.41797470E+4,0.10196382E+4,0.29529750E+3,0.96207910E+2,
0.43221202E+2,0.14343617E+2,0.58597466E+1,0.20839965E+2,0.18948517E+1,
0.60515049E+0,0.46999500E+0,0.59433380E-1,0.23387895E-1
4,3
0.30973778E+3,0.80785202E+2,0.25341713E+2,0.84915170E+1,0.29312970E+1,
0.10000894E+1,0.34056030E+0
0.63217700E-2,0.43159350E-1,0.20566713E+0,0.81341928E+0,0.22670548E+0,
0.41128880E+0,0.37246676E+0,0.93867963E-1,-0.80343368E-1,0.60976965E+0,
0.47054403E+0,-0.11472127E+0,0.62983894E+0,0.45234826E+0
0.58787262E-2,0.42254464E-1,0.22261973E+0,0.81404105E+0,0.45962691E+0,
0.50045199E+0,0.18334980E+0
*11,36
4,2,0,0
0,R70,R70,2
6,2,2,2
36166.42,5372.58,1213.21,339.62,109.55,38.777,14.576,5.2699,
1.8278,0.6199,0.0572,0.0240
6,2
146.32,34.177,10.571,3.6908,1.3194,0.4636,0.0690,0.0209
0.000623,0.004864,0.025426,0.102301,0.311065,0.652296,0.859627,0.164055,
0.620109,0.428913,0.510977,0.522601
0.005284,0.038378,0.153363,0.348946,0.441871,0.257367,0.408049,0.683537
0,R70
5,3,0,0
6,2,2,1,1
0.000623,0.004864,0.025425,0.102300,0.311048,0.652313,0.859985,0.163649,
0.625162,0.423660,1.0,1.0
6,1,1
0.005289,0.038426,0.153661,0.349215,0.443529,0.254554,1.0,1.0
*11,37
6,4,0,0
0,R70,R70,1
6,3,1,1,1,1
36166.42,5372.58,1213.21,339.62,109.55,38.777,38.777,14.576,5.2699,
1.8278,0.6199,0.0572,0.0240
5,1,1,1
146.32,34.177,10.571,3.6908,1.3194,0.4636,0.0690,0.0209
0.001032,0.008071,0.042129,0.169789,0.514618,0.379821,0.374761,0.575768,
0.112935,1.0,1.0,1.0,1.0
0.006279,0.045606,0.182494,0.414624,0.527663,1.0,1.0,1.0
*11,40
6,4,0,0
0,R70,R70,2
6,3,1,1,1,1
36166.4,5372.58,1213.21,339.62,109.55,38.777,38.777,14.576,5.2699,
1.8278,0.6199,0.0572,0.0240
6,1,1,1
144.645,33.907,10.629,3.8239,1.4443,0.5526,0.1887,0.0465,0.0163
0.001032,0.008071,0.042128,0.169786,0.514609,0.379834,0.374763,0.575771,
0.112928,1.0,1.0,1.0,1.0
0.0054570,0.039138,0.151924,0.333098,0.422284,0.281197,1.0,1.0,1.0
0,R70
6,5,0,0
6,3,1,1,1,1
0.001032,0.008071,0.042129,0.169789,0.514621,0.379817,0.374762,0.575769,
0.112933,1.0,1.0,1.0,1.0
4,2,1,1,1
0.011485,0.082383,0.319658,0.701295,0.638506,0.425365,1.0,1.0,1.0
*11,41
4,2,0,0
1,R15,R15,1
C6
4,4,5,4
37986.3,5130.20,1088.40,298.122,95.1376,34.0831,13.2236,4.95740,
16.439971,2.5003863,1.0841961,0.54547114,0.28502588,0.44052139,
0.06688186,0.03048097,0.01573299
4,4
239.910,74.0300,24.0611,8.34474,3.16086,1.25470,0.526392,0.211266
0.00417619,0.03744896,0.20343356,0.82321452,0.23351625,0.43367513,
0.37042231,0.06776400,-0.07499208,0.35536063,0.47147419,0.21716356,
0.04966648,-0.11822233,0.48297839,0.50287719,0.10329650
0.00813499,0.04554502,0.23992270,0.79370267,0.39258380,0.43617849,
0.26649553,0.05165113
*11,27
1,-3,0,0
3,R87,R87,1
C19,C50,C52
3
5.47613D+02,8.20678D+01,1.76917D+01
3,2,1
1.75407D+01,3.79398D+00,9.06441D-01,5.01824D-01,6.09458D-02,
2.44349D-02
6.74911D-02,3.93505D-01,6.65605D-01
-1.11937D-01,2.54654D-01,8.44417D-01,-2.19660D-01,1.08912D+00,
1.00000D+00
1.28233D-01,4.71533D-01,6.04273D-01,9.06649D-03,9.97202D-01,
1.00000D+00
*11,42
1,-3,0,0
2,R87,R87,1
C19,C52
6
9.99320D+03,1.49989D+03,3.41951D+02,9.46796D+01,2.97345D+01,
1.00063D+01
6,2,1
1.50963D+02,3.55878D+01,1.11683D+01,3.90201D+00,1.38177D+00,
4.66382D-01,5.01824D-01,6.09458D-02,2.44349D-02
1.93766D-03,1.48070D-02,7.27055D-02,2.52629D-01,4.93242D-01,
3.13169D-01
-3.54208D-03,-4.39588D-02,-1.09752D-01,1.87398D-01,6.46699D-01,
3.06058D-01,-2.19660D-01,1.08912D+00,1.00000D+00
5.00166D-03,3.55109D-02,1.42825D-01,3.38620D-01,4.51579D-01,
2.73271D-01,9.06649D-03,9.97202D-01,1.00000D+00
*11,42
1,-3,0,0
1,R95,R95,1
C57
6
9.99320D+03,1.49989D+03,3.41951D+02,9.46796D+01,2.97345D+01,
1.00063D+01
6,3,1
1.50963D+02,3.55878D+01,1.11683D+01,3.90201D+00,1.38177D+00,
4.66382D-01,4.97966D-01,8.43529D-02,6.66350D-02,2.59544D-02
1.93766D-03,1.48070D-02,7.27055D-02,2.52629D-01,4.93242D-01,
3.13169D-01
-3.54208D-03,-4.39588D-02,-1.09752D-01,1.87398D-01,6.46699D-01,
3.06058D-01,-2.48503D-01,-1.31704D-01,1.23352D+00,1.0
5.00166D-03,3.55109D-02,1.42825D-01,3.38620D-01,4.51579D-01,
2.73271D-01,-2.30225D-02,9.50359D-01,5.98579D-02,1.0
                                                               MAGNESIUM
*12,15
1,1,0,0
0,R30,0,0
6
134.844,23.5833,2.65013,0.939751,0.106827,0.0401781
3
13.8296,3.07812,0.814328
*12,22
1,1,0,0
0,R28,0,0
10
13222.1,1983.12,449.711,126.311,40.6081,14.0488,2.83014,0.946932,
0.104438,0.040018
4
51.0503,11.4895,3.24676,0.917529
*12,18
3,1,0,0
0,R82,R82,1
3,3,3
650.64367,98.37078,21.32249,27.97738,2.32652,0.81808,0.91134,0.09940,
0.03623
3
23.21663,5.00222,1.20465
0.06803,0.39074,0.66727,-0.08672,0.58570,0.48650,-0.12765,0.65077,
0.43627
0.12146,0.47929,0.59894
*12,19
3,1,0,0
0,R82,R82,1
4,3,3
1881.67314,284.41190,64.19875,17.12278,25.87308,2.41224,0.83389,
0.87509,0.10144,0.03716
3
23.28368,5.01503,1.20650
0.01902,0.13149,0.45755,0.53044,-0.08857,0.57731,0.49903,-0.12576,
0.63565,0.45260
0.12108,0.47895,0.59964
*12,19
2,1,0,0
1,R80,R80,1
C31
5,2
3889.89,585.433,132.042,32.3569,13.0366,2.10861,0.692985
4
30.7635,6.86217,2.02633,0.656501
0.007759,0.057653,0.243813,0.491345,0.344611,0.660528,0.389234
0.083745,0.355494,0.522348,0.266333
*12,21
3,1,0,0
1,R56,R56,1
C45
5,2,2
5630.30,846.486,192.207,53.6594,16.7097,2.97482,1.01412,0.113649,
0.045242
4
50.7693,11.4335,3.22969,0.920200
0.004975,0.036877,0.170437,0.442111,0.483589,0.348460,0.695981,
0.394194,0.641202
0.040035,0.222823,0.512450,0.446002
*12,21
3,1,0,0
0,R80,R80,1
5,2,2
5609.67,841.969,191.263,53.2621,16.6003,2.97082,1.00728,0.113641,
0.044678
4
50.9665,11.4364,3.21935,0.914433
0.005004,0.037083,0.171495,0.444597,0.480060,0.352170,0.692921,
0.403498,0.632933
0.039884,0.223321,0.514536,0.444060
*12,22
3,1,0,0
0,R82,R82,1
4,3,3
1878.63824,284.11346,64.18707,17.11882,25.86957,2.40558,0.82946,
0.90918,0.10146,0.03698
4
49.11481,11.09001,3.13902,0.89691
0.01905,0.13153,0.45735,0.53059,-0.08867,0.58078,0.49576,-0.12634,
0.64488,0.44259
0.04215,0.22979,0.51616,0.43473
*12,30
6,2,0,0
2,R14,R14,4
C2,C8
4,4,1,1,1,1
43643.6,6585.89,1510.32,431.833,142.071,51.4089,19.9361,8.04158,2.50948,
0.871939,0.108819,0.040455
4,2
192.644,45.7493,14.2558,4.99324,1.78234,0.615100
0.00038,0.00293,0.01496,0.05863,0.17661,0.37113,0.40079,0.12384,1.0,1.0,
1.0,1.0
0.00475,0.03462,0.14372,0.34665,0.46489,0.24109
2,R14
C2,C7,C8
6,2,0,0
5,3,1,1,1,1
0.00038,0.00293,0.01496,0.05863,0.17661,0.37113,0.40079,0.12384,1.0,1.0,
1.0,1.0
4,2
0.00475,0.03462,0.14372,0.34665,0.46489,0.24109
2,R14
C2,C8
6,2,0,0
6,2,1,1,1,1
0.00038,0.00293,0.01496,0.05863,0.17661,0.37113,0.40079,0.12384,1.0,1.0,
1.0,1.0
4,2
0.00475,0.03462,0.14372,0.34665,0.46489,0.24109
2,R14
C2,C8
6,2,0,0
7,1,1,1,1,1
0.00038,0.00293,0.01496,0.05863,0.17661,0.37113,0.40079,1.0,1.0,1.0,1.0,
1.0
4,2
0.00475,0.03462,0.14372,0.34665,0.46489,0.24109
*12,34
6,2,0,0
1,R56,R56,2
C45
5,3,1,1,2,1
44031.0,6636.55,1522.57,435.363,143.281,51.8731,20.1614,8.20806,
2.51802,0.883663,0.112440,0.052243,0.031460
5,2
196.253,45.9615,14.3899,5.00813,1.80896,0.677014,0.224671
0.001624,0.012468,0.063530,0.249045,0.750698,0.438919,0.476526,
0.152119,1.0,1.0,0.595102,0.430705,1.0
0.005599,0.040914,0.170243,0.415288,0.536555,0.940495,0.082944
1,R56
C45
6,2,0,0
6,2,1,1,2,1
0.000669,0.005131,0.026148,0.102499,0.308991,0.651134,0.777745,
0.248241,1.0,1.0,0.584106,0.441879,1.0
5,2
0.005603,0.040998,0.170362,0.415506,0.536207,0.940212,0.083327
*12,35
4,2,0,0
1,R25,R25,1
C59
4,4,3,3
0.29196310E+5,0.51894962E+4,0.13077476E+4,0.37264970E+3,0.11912409E+3,
0.43521202E+2,0.17524201E+2,0.71676048E+1,0.24339055E+2,0.23815385E+1,
0.80040611E+0,0.83273500E+0,0.10561631E+0,0.38082687E-1
4,3
0.35185601E+3,0.86549744E+2,0.26827732E+2,0.99558277E+1,0.40419233E+1,
0.15397261E+1,0.53903772E+0
0.68143600E-2,0.41291228E-1,0.19825765E+0,0.82120654E+0,0.22135965E+0,
0.40860570E+0,0.37728742E+0,0.98327313E-1,-0.80309651E-1,0.60834921E+0,
0.46894919E+0,-0.12040229E+0,0.62883382E+0,0.46198346E+0
0.67915211E-2,0.56581741E-1,0.26766362E+0,0.75893518E+0,0.39902002E+0,
0.51151400E+0,0.22134372E+0
*12,36
4,2,0,0
0,R70,R70,2
6,2,2,2
43866.5,6605.37,1513.26,432.317,142.149,51.398,19.920,8.0247,
2.5082,0.8715,0.1082,0.0401
6,2
194.667,45.600,14.198,5.0224,1.8359,0.6688,0.1412,0.0438
0.000660,0.005057,0.025840,0.101390,0.307680,0.653483,0.788078,0.237668,
0.557510,0.491030,0.605987,0.436066
0.004736,0.035122,0.114118,0.341551,0.450121,0.255620,0.459959,0.632713
0,R70
5,3,0,0
6,2,2,1,1
0.000659,0.005056,0.025836,0.101390,0.307599,0.653564,0.788626,
0.237074,0.562705,0.485763,1.0,1.0
6,1,1
0.004741,0.035171,0.144457,0.341818,0.452191,0.252282,1.0,1.0
*12,37
6,4,0,0
0,R70,R70,1
6,3,1,1,1,1
43866.5,6605.37,1513.26,432.317,142.149,51.398,51.398,19.920,8.0247,
2.5082,0.8715,0.1082,0.0401
5,1,1,1
194.667,45.600,14.198,5.0224,1.8359,0.6688,0.1412,0.0438
0.000918,0.007047,0.035941,0.141461,0.426764,0.497974,0.252510,0.621507,
0.183961,1.0,1.0,1.0,1.0
0.005655,0.041937,0.172304,0.407745,0.539751,1.0,1.0,1.0
*12,40
6,4,0,0
0,R70,R70,2
6,3,1,1,1,1
43866.5,6605.37,1513.26,432.317,142.149,51.398,51.398,19.920,8.0247,
2.5082,0.8715,0.1082,0.0401
6,1,1,1
193.854,45.442,14.186,5.0575,1.8886,0.7227,0.2364,0.0934,0.0348
0.000918,0.007047,0.035941,0.141461,0.426763,0.497976,0.251355,0.618671,
0.188416,1.0,1.0,1.0,1.0
0.004802,0.035516,0.144893,0.338179,0.441104,0.260849,1.0,1.0,1.0
0,R70
6,5,0,0
6,3,1,1,1,1
0.000918,0.007047,0.035941,0.141461,0.426764,0.497975,0.251355,0.618671,
0.188417,1.0,1.0,1.0,1.0
4,2,1,1,1
0.010188,0.075360,0.307419,0.717575,0.667339,0.394649,1.0,1.0,1.0
*12,41
4,2,0,0
1,R15,R15,1
C6
4,4,5,4
50524.9,6234.60,1369.60,375.545,117.107,41.2527,15.8771,5.96365,
20.094751,3.0080698,1.2859929,0.60404838,0.36489443,0.74059996,
0.12740469,0.05744473,0.02830544
4,4
334.690,88.4325,28.0335,10.0877,4.04741,1.70166,0.747293,0.309397
0.00425069,0.03812860,0.19685783,0.82815683,0.23104747,0.43622863,
0.37173874,0.06761508,-0.07724268,0.38162320,0.51258515,0.17008072,
0.02478800,-0.12309388,0.42602387,0.49636115,0.17954429
0.00715720,0.05179301,0.25431922,0.77552886,0.38529175,0.43382091,
0.26326433,0.05112451
*12,27
1,-3,0,0
3,R87,R87,1
C19,C50,C52
3
6.52841D+02,9.83805D+01,2.12996D+01
3,2,1
2.33727D+01,5.19953D+00,1.31508D+00,6.11349D-01,1.41841D-01,
4.64011D-02
6.75982D-02,3.91778D-01,6.66661D-01
-1.10246D-01,1.84119D-01,8.96399D-01,-3.61101D-01,1.21505D+00,
1.00000D+00
1.21014D-01,4.62810D-01,6.06907D-01,2.42633D-02,9.86673D-01,
1.00000D+00
*12,42
1,-3,0,0
2,R77,R77,1
C19,C52
6
1.17228D+04,1.75993D+03,4.00846D+02,1.12807D+02,3.59997D+01,
1.21828D+01
6,2,1
1.89180D+02,4.52119D+01,1.43563D+01,5.13886D+00,1.90652D+00,
7.05887D-01,6.11349D-01,1.41841D-01,4.64011D-02
1.97783D-03,1.51140D-02,7.39108D-02,2.49191D-01,4.87928D-01,
3.19662D-01
-3.23717D-03,-4.10079D-02,-1.12600D-01,1.48633D-01,6.16497D-01,
3.64829D-01,-3.61101D-01,1.21505D+00,1.00000D+00
4.92813D-03,3.49888D-02,1.40725D-01,3.33642D-01,4.44940D-01,
2.69254D-01,2.42633D-02,9.86673D-01,1.00000D+00
*12,42
1,-3,0,0
1,R95,R95,1
C57
6
1.17228D+04,1.75993D+03,4.00846D+02,1.12807D+02,3.59997D+01,
1.21828D+01
6,3,1
1.89180D+02,4.52119D+01,1.43563D+01,5.13886D+00,1.90652D+00,
7.05887D-01,9.29340D-01,2.69035D-01,1.17379D-01,4.21061D-02
1.97783D-03,1.51140D-02,7.39108D-02,2.49191D-01,4.87928D-01,
3.19662D-01
-3.23717D-03,-4.10079D-02,-1.12600D-01,1.48633D-01,6.16497D-01,
3.64829D-01,-2.12290D-01,-1.07985D-01,1.17584D+00,1.0
4.92813D-03,3.49888D-02,1.40725D-01,3.33642D-01,4.44940D-01,
2.69254D-01,-2.24192D-02,1.92270D-01,8.46181D-01,1.0
                                                               ALUMINIUM
*13,18
1,1,0,0
0,R30,0,0
6
161.147,28.2602,3.36996,1.25741,0.174090,0.0654338
4
9.18018,1.82337,0.193724,0.0536952
*13,28
1,1,0,0
0,R28,0,0
10
17011.1,2550.77,578.256,162.093,51.7073,17.7035,3.65079,1.28635,
0.192347,0.086448
6
71.062677,16.323969,4.890113,1.579507,0.467637,0.091675
*13,24
3,2,0,0
1,R56,R56,1
C45
5,2,2
6745.20,1015.59,230.820,64.4857,20.1071,3.74906,1.33837,0.191557,
0.076036
4,1
65.6445,14.8898,4.28019,1.26925,0.114500
0.004865,0.035975,0.167183,0.436826,0.491992,0.309331,0.729091,
0.360430,0.673790
0.037010,0.212072,0.506789,0.454313,1.0
*13,27
3,2,0,0
0,R82,R82,1
3,3,3
777.16054,117.23701,25.37912,33.29314,2.82157,1.03275,1.34771,0.15977,
0.05832
3,3
29.98078,6.54688,1.63911,2.91293,0.24083,0.06916
0.06690,0.38773,0.67072,-0.08913,0.59416,0.47574,-0.15156,0.66605,
0.43093
0.11493,0.47028,0.60477,-0.00961,0.38496,0.71208
*13,27
3,2,0,0
0,R80,R80,1
5,2,2
6745.20,1015.59,230.820,64.4857,20.1071,3.74906,1.33837,0.192398,
0.075368
4,2
65.6445,14.8898,4.28019,1.26925,0.264510,0.052028
0.004865,0.035974,0.167184,0.436774,0.492045,0.310326,0.728169,0.385298,
0.650911
0.037336,0.212872,0.513504,0.445935,0.426011,0.725385
*13,28
3,2,0,0
0,R82,R82,1
4,3,3
2218.85864,335.40180,75.88327,20.29496,30.64061,2.94533,1.06071,
1.29276,0.16221,0.05945
3,3
30.08925,6.56668,1.64223,2.95562,0.24068,0.06912
0.01896,0.13107,0.45634,0.53163,-0.09127,0.57980,0.49458,-0.14674,
0.65648,0.44115
0.11447,0.46982,0.60564,-0.00983,0.38471,0.71230
*13,31
3,2,0,0
0,R82,R82,1
4,3,3
2220.96180,335.40618,75.86390,20.28413,30.64994,2.93625,1.05426,
1.31578,0.16269,0.05946
4,3
67.36412,15.29472,4.38339,1.28709,4.27052,0.22965,0.06459
0.01894,0.13107,0.45638,0.53163,-0.09129,0.58299,0.49157,-0.14841,
0.65887,0.43887
0.03572,0.20630,0.50534,0.46254,-0.00855,0.42253,0.68105
*13,36
4,2,0,0
0,R70,R70,2
6,2,2,2
55112.7,8204.66,1863.56,530.195,174.895,64.009,25.3231,10.5639,
3.2126,1.1543,0.1781,0.0659
6,2
352.546,83.016,26.004,9.2321,3.3550,1.1883,0.2762,0.0728
0.000640,0.004988,0.025786,0.101366,0.308048,0.652084,0.744905,0.281988,
0.514010,0.531888,0.491725,0.551633
0.002432,0.019261,0.088204,0.264039,0.454204,0.383805,0.364891,0.738872
0,R70
5,3,0,0
6,2,2,1,1
0.000639,0.004987,0.025770,0.101375,0.307743,0.652383,0.746561,0.280224,
0.523908,0.522005,1.0,1.0
6,1,1
0.002443,0.019359,0.089192,0.264651,0.462947,0.372193,1.0,1.0
*13,37
6,4,0,0
0,R70,R70,1
6,3,1,1,1,1
55112.7,8204.66,1863.56,530.195,174.895,64.009,64.009,25.3231,10.5639,
3.2126,1.1543,0.1781,0.0659
5,1,1,1
352.546,83.016,26.004,9.2321,3.3550,1.1883,0.2762,0.0728
0.000831,0.006541,0.033700,0.133049,0.400943,0.531398,0.201410,0.624478,
0.228508,1.0,1.0,1.0,1.0
0.003321,0.026307,0.121236,0.359731,0.629616,1.0,1.0,1.0
*13,39
6,4,0,0
2,R14,R14,9
C2,C8
4,4,1,1,1,1
55112.7,8204.66,1863.56,530.195,174.895,64.0090,25.3231,10.5639,3.21260,
1.15432,0.178128,0.065885
4,2,2,1
259.307,60.9263,19.3113,6.99747,2.66879,1.03447,0.307591,0.113877,
0.041397
0.00035,0.00275,0.01418,0.05585,0.16789,0.35419,0.40028,0.15029,1.0,1.0,
1.0,1.0
0.00407,0.03048,0.12689,0.31355,0.43981,0.28558,0.22619,0.54403,1.0
2,R14
C2,C7,C8
6,4,0,0
6,2,1,1,1,1
0.00035,0.00275,0.01418,0.05585,0.16789,0.35419,0.40028,0.15029,1.0,1.0,
1.0,1.0
3,3,1,2
0.00407,0.03048,0.12689,0.31355,0.43981,0.28558,1.0,0.54403,0.37439
2,R14
C2,C8
6,4,0,0
5,3,1,1,1,1
0.00035,0.00275,0.01418,0.05585,0.16789,0.35419,0.40028,0.15029,1.0,1.0,
1.0,1.0
4,2,2,1
0.00407,0.03048,0.12689,0.31355,0.43981,0.28558,0.22619,0.54403,1.0
2,R14
C2,C8
6,4,0,0
6,2,1,1,1,1
0.00035,0.00275,0.01418,0.05585,0.16789,0.35419,0.40028,0.15029,1.0,1.0,
1.0,1.0
4,2,2,1
0.00407,0.03048,0.12689,0.31355,0.43981,0.28558,0.22619,0.54403,1.0
2,R14
C2,C8
6,4,0,0
7,1,1,1,1,1
0.00035,0.00275,0.01418,0.05585,0.16789,0.35419,0.40028,1.0,1.0,1.0,1.0,
1.0
4,2,2,1
0.00407,0.03048,0.12689,0.31355,0.43981,0.28558,0.22619,0.54403,1.0
2,R14
C2,C8
6,4,0,0
6,2,1,1,1,1
0.00035,0.00275,0.01418,0.05585,0.16789,0.35419,0.40028,0.15029,1.0,1.0,
1.0,1.0
3,3,2,1
0.00407,0.03048,0.12689,0.31355,0.43981,0.28558,0.22619,0.54403,1.0
2,R14
C2,C8
6,4,0,0
6,2,1,1,1,1
0.00035,0.00275,0.01418,0.05585,0.16789,0.35419,0.40028,0.15029,1.0,1.0,
1.0,1.0
5,1,2,1
0.00407,0.03048,0.12689,0.31355,0.43981,1.0,0.22619,0.54403,1.0
2,R14
C2,C8
6,4,0,0
6,2,1,1,1,1
0.00035,0.00275,0.01418,0.05585,0.16789,0.35419,0.40028,0.15029,1.0,1.0,
1.0,1.0
5,1,1,2
0.00407,0.03048,0.12689,0.31355,0.43981,1.0,1.0,0.54403,0.37439
2,R14
C2,C8
6,4,0,0
6,2,1,1,1,1
0.00035,0.00275,0.01418,0.05585,0.16789,0.35419,0.40028,0.15029,1.0,1.0,
1.0,1.0
4,2,1,2
0.00407,0.03048,0.12689,0.31355,0.43981,0.28558,1.0,0.54403,0.37439
*13,39
7,5,0,0
1,R14,R27,1
C2
5,1,2,1,1,1,1
55112.7,8204.66,1863.56,530.195,174.895,64.0090,25.3231,10.5639,3.21260,
1.15432,0.178128,0.065885
5,1,1,1,1
259.307,60.9263,19.3113,6.99747,1.03447,2.66879,0.307591,0.113877,
0.041397
0.00035,0.00275,0.01418,0.05585,0.16789,1.0,0.40028,0.15029,1.0,1.0,1.0,
1.0
0.00407,0.03048,0.12689,0.31355,0.28558,1.0,1.0,1.0,1.0
*13,39
6,4,0,0
2,R14,R27,2
C2,C58
6,3,1,1,1,1
55112.7,8204.66,1863.56,530.195,174.895,64.0090,64.0090,25.3231,10.5639,
3.21260,1.15432,0.178128,0.065885
6,1,1,1
259.307,60.9263,19.3113,6.99747,1.03447,2.66879,0.307591,0.113877,
0.041397
0.00035,0.00275,0.01418,0.05585,0.16789,0.28667,0.06752,0.40028,0.15029,
1.0,1.0,1.0,1.0
0.00407,0.03048,0.12689,0.31355,0.28558,0.43981,1.0,1.0,1.0
2,R27
C2,C58
6,5,0,0
6,3,1,1,1,1
0.00035,0.00275,0.01418,0.05585,0.16789,0.28667,0.06752,0.40028,0.15029,
1.0,1.0,1.0,1.0
5,1,1,1,1
0.00407,0.03048,0.12689,0.31355,0.28558,1.0,1.0,1.0,1.0
*13,40
6,4,0,0
0,R70,R70,2
6,3,1,1,1,1
54866.49,8211.77,1866.18,531.129,175.118,64.0055,64.0055,25.2925,
10.5349,3.2067,1.1526,0.1767,0.0652
6,1,1,1
259.284,61.0769,19.3032,7.0109,2.6739,1.0366,0.3168,0.1143,0.0414
0.000839,0.006527,0.033665,0.132898,0.401254,0.531354,0.202305,0.624789,
0.227440,1.0,1.0,1.0,1.0
0.004104,0.030829,0.128413,0.316315,0.445751,0.288776,1.0,1.0,1.0
0,R70
6,5,0,0
6,3,1,1,1,1
0.000839,0.006527,0.033666,0.132902,0.401266,0.531338,0.202305,0.624790,
0.227439,1.0,1.0,1.0,1.0
4,2,1,1,1
0.009448,0.070974,0.295636,0.728219,0.644467,0.417413,1.0,1.0,1.0
*13,43
6,5,0,0
1,R56,R56,3
C45
5,3,1,1,2,1
55131.5,8245.87,1877.06,534.596,176.470,64.6252,25.6109,10.7411,
3.22072,1.16794,0.180183,0.075995,0.040600
4,2,1,2,1
258.772,61.4407,19.4497,7.05689,2.70056,1.05211,0.320021,
0.120834,0.049175,0.026040
0.001584,0.012310,0.063376,0.249468,0.750321,0.414682,0.471422,
0.182050,1.0,1.0,0.565198,0.467786,1.0
0.009493,0.070453,0.295226,0.728908,-0.639391,-0.422168,1.0,
0.624940,0.431999,1.0
1,R56
C45
6,5,0,0
6,2,1,1,2,1
0.000650,0.005050,0.026000,0.102338,0.307832,0.651425,0.740766,
0.286065,1.0,1.0,0.563619,0.469385,1.0
4,2,1,2,1
0.009492,0.070510,0.295187,0.728915,0.639419,0.422139,1.0,
0.629262,0.427476,1.0
1,R56
C45
6,4,0,0
6,2,1,1,2,1
0.000650,0.005050,0.026000,0.102338,0.307832,0.651425,0.740766,
0.286065,1.0,1.0,0.563619,0.469385,1.0
4,2,2,2
0.009492,0.070510,0.295187,0.728915,0.639419,0.422139,0.305882,
0.749510,0.827466,0.190813
*13,44
4,3,0,0
0,R25,R25,1
4,4,3,3
0.37116769E+5,0.63735486E+4,0.15739762E+4,0.44202286E+3,0.14007981E+3,
0.51066194E+2,0.20613351E+2,0.84889336E+1,0.28202436E+2,0.29255069E+1,
0.10216627E+1,0.11596353E+1,0.17174784E+0,0.60852103E-1
4,3,3
0.49177129E+3,0.10352075E+3,0.32841098E+2,0.12132825E+2,0.46442888E+1,
0.17902312E+1,0.68433901E+0,0.32046296E+0,0.11257420E+0,0.40512207E-1
0.63201504E-2,0.39934975E-1,0.19578406E+0,0.82519194E+0,0.22267960E+0,
0.40979003E+0,0.37482561E+0,0.98077942E-1,-0.80869959E-1,0.60801714E+0,
0.46739635E+0,-0.13609921E+0,0.63951379E+0,0.46395878E+0
0.62394395E-2,0.55205081E-1,0.25073216E+0,0.77482114E+0,0.45130884E+0,
0.48755733E+0,0.17961521E+0,0.22745337E+0,0.55050434E+0,0.35606694E+0
*13,53
4,3,0,0
1,R15,R15,1
C6
4,4,5,4
61380.0,6722.80,1606.80,444.620,137.327,48.1655,18.5955,7.02882,
23.886902,3.6433539,1.6170636,0.76765556,0.40928296,1.0098088,
0.20987817,0.09223602,0.04531778
4,4,4
542.280,107.732,32.7004,12.0239,4.92222,2.12218,0.926537,0.364069,
0.36289280,0.15855768,0.06586982,0.02959948
0.00489683,0.04034205,0.19213722,0.82977602,0.23380235,0.43830558,
0.36783868,0.06646000,-0.07902308,0.38190540,0.50811051,0.18145858,
0.01516159,-0.14009934,0.44040328,0.49668810,0.18168726
0.00558693,0.05418963,0.26178483,0.76690418,0.39374702,0.44280981,
0.25289222,0.03320090,0.14558963,0.39199683,0.45053555,0.14735692
*13,27
1,-3,0,0
2,R87,R87,1
C19,C50
3
7.75737D+02,1.16952D+02,2.53326D+01
3,2,1
2.94796D+01,6.63314D+00,1.72675D+00,9.46160D-01,2.02506D-01,
6.39088D-02
6.68347D-02,3.89061D-01,6.69468D-01
-1.07902D-01,1.46245D-01,9.23730D-01,-3.20327D-01,1.18412D+00,
1.00000D+00
1.17574D-01,4.61174D-01,6.05535D-01,5.19383D-02,9.72660D-01,
1.00000D+00
*13,42
1,-3,0,0
1,R87,R87,1
C19
6
1.39831D+04,2.09875D+03,4.77705D+02,1.34360D+02,4.28709D+01,
1.45189D+01
6,2,1
2.39668D+02,5.74419D+01,1.82859D+01,6.59914D+00,2.49049D+00,
9.44545D-01,9.46160D-01,2.02506D-01,6.39088D-02
1.94267D-03,1.48599D-02,7.28494D-02,2.46830D-01,4.87258D-01,
3.23496D-01
-2.92619D-03,-3.74083D-02,-1.14487D-01,1.15635D-01,6.12595D-01,
3.93799D-01,-3.20327D-01,1.18412D+00,1.00000D+00
4.60285D-03,3.31990D-02,1.36282D-01,3.30476D-01,4.49146D-01,
2.65704D-01,5.19383D-02,9.72660D-01,1.00000D+00
*13,42
1,-3,0,0
1,R95,R95,1
C57
6
1.39831D+04,2.09875D+03,4.77705D+02,1.34360D+02,4.28709D+01,
1.45189D+01
6,3,1
2.39668D+02,5.74419D+01,1.82859D+01,6.59914D+00,2.49049D+00,
9.44545D-01,1.27790D+00,3.97590D-01,1.60095D-01,5.56577D-02
1.94267D-03,1.48599D-02,7.28494D-02,2.46830D-01,4.87258D-01,
3.23496D-01
-2.92619D-03,-3.74083D-02,-1.14487D-01,1.15635D-01,6.12595D-01,
3.93799D-01,-2.27606D-01,1.44583D-03,1.09279D+00,1.0
4.60285D-03,3.31990D-02,1.36282D-01,3.30476D-01,4.49146D-01,
2.65704D-01,-1.75126D-02,2.44533D-01,8.04934D-01,1.0
*13,33
6,4,0,0
1,R98,R98,1
C49
5,3,1,1,1,1
23490.0,3548.0,823.5,237.7,78.6,78.6,29.05,11.62,3.465,1.233,0.2018,
0.07805
4,2,1,1
141.5,33.22,10.39,3.593,3.593,1.242,0.3040,0.07629
0.002509,0.018986,0.092914,0.335935,0.647391,0.111937,0.655976,
0.283349,1.0,1.0,1.0,1.0
0.017882,0.120375,0.411580,0.595353,0.211758,0.837795,1.0,1.0
                                                                 SILICON
*14,18
1,1,0,0
0,R30,0,0
6
189.876,33.3739,4.17415,1.61353,0.250321,0.0937598
4
11.6797,2.39028,0.291788,0.0825787
*14,28
1,1,0,0
0,R28,0,0
10
19237.2,2885.41,655.111,184.413,59.2516,20.4626,4.41116,1.61479,
0.291392,0.140147
6
95.7865,21.9200,6.43988,1.98998,0.482930,0.122840
*14,24
3,2,0,0
0,R56,R56,1
5,2,2
7942.08,1197.55,272.431,76.1801,23.7980,4.60969,1.70280,0.281882,
0.111096
4,1
79.9711,18.2290,5.29977,1.62038,0.170920
0.004788,0.035314,0.164802,0.432547,0.498426,0.277437,0.756340,
0.336084,0.697410
0.036235,0.210521,0.507928,0.448902,1.0
*14,27
3,2,0,0
0,R82,R82,1
3,3,3
908.99529,137.15292,29.72061,39.03949,3.36039,1.26523,1.81658,0.22492,
0.08199
3,3
37.35735,8.21894,2.10672,4.62206,0.33406,0.09689
0.06641,0.38614,0.67231,-0.09118,0.60403,0.46444,-0.16879,0.67829,
0.42579
0.11047,0.46552,0.60787,-0.01451,0.44642,0.65610
*14,27
3,2,0,0
0,R80,R80,1
5,2,2
7942.08,1197.55,272.431,76.1801,23.7980,4.60969,1.70280,0.281882,
0.111096
4,2
85.9797,19.4641,5.67392,1.76559,0.370734,0.109715
0.004788,0.035310,0.164805,0.432417,0.498564,0.277780,0.756024,0.339195,
0.694463
0.033008,0.198074,0.496384,0.469614,0.388199,0.704359
*14,28
3,2,0,0
0,R82,R82,1
4,3,3
2570.07839,389.07064,88.29772,23.69936,35.84419,3.51223,1.30118,
1.74744,0.22736,0.08315
3,3
37.55529,8.25210,2.11193,4.62193,0.33389,0.09687
0.01903,0.13119,0.45580,0.53159,-0.09341,0.58829,0.48488,-0.16209,
0.67309,0.43111
0.10981,0.46489,0.60908,-0.01458,0.44632,0.65616
*14,31
3,2,0,0
0,R82,R82,1
4,3,3
2581.38826,390.50243,88.51192,23.72339,35.78064,3.51980,1.30161,
1.75621,0.22983,0.08409
4,3
82.63764,18.80634,5.45008,1.64722,5.64039,0.33106,0.09475
0.01893,0.13071,0.45541,0.53255,-0.09358,0.58666,0.48679,-0.16340,
0.66613,0.43872
0.03467,0.20378,0.50592,0.45887,-0.01147,0.46349,0.64160
*14,36
4,2,0,0
0,R70,R70,1
6,2,2,2
69989.3,10380.2,2330.01,657.47,214.00,77.606,30.640,12.816,
3.9271,1.4522,0.2576,0.0944
6,2
401.605,95.352,30.334,10.944,4.0417,1.4615,0.3302,0.0952
0.000588,0.004655,0.024422,0.097677,0.305649,0.658888,0.729859,0.297805,
0.500107,0.543344,0.492903,0.551235
0.002628,0.020392,0.091414,0.268595,0.461618,0.362668,0.471841,0.631740
*14,39
6,4,0,0
2,R14,R14,9
C2,C8
4,4,1,1,1,1
69989.3,10380.2,2330.01,657.466,214.004,77.6064,30.6395,12.8156,3.92714,
1.45221,0.257644,0.094404
4,2,2,1
337.495,78.6871,24.9351,9.21515,3.61526,1.45199,0.503992,0.186040,
0.065432
0.00031,0.00249,0.01303,0.05227,0.16151,0.34767,0.40445,0.16243,1.0,1.0,
1.0,1.0
0.00354,0.02754,0.11649,0.29330,0.43275,0.30572,0.20252,0.56412,1.0
2,R14
C2,C7,C8
6,4,0,0
6,2,1,1,1,1
0.00031,0.00249,0.01303,0.05227,0.16151,0.34767,0.40445,0.16243,1.0,1.0,
1.0,1.0
4,2,1,2
0.00354,0.02754,0.11649,0.29330,0.43275,0.30572,1.0,0.56412,0.38465,
2,R14
C2,C8
6,4,0,0
5,3,1,1,1,1
0.00031,0.00249,0.01303,0.05227,0.16151,0.34767,0.40445,0.16243,1.0,1.0,
1.0,1.0
4,2,2,1
0.00354,0.02754,0.11649,0.29330,0.43275,0.30572,0.20252,0.56412,1.0
2,R14
C2,C8
6,4,0,0
6,2,1,1,1,1
0.00031,0.00249,0.01303,0.05227,0.16151,0.34767,0.40445,0.16243,1.0,1.0,
1.0,1.0
4,2,2,1
0.00354,0.02754,0.11649,0.29330,0.43275,0.30572,0.20252,0.56412,1.0
2,R14
C2,C8
6,4,0,0
7,1,1,1,1,1
0.00031,0.00249,0.01303,0.05227,0.16151,0.34767,0.40445,1.0,1.0,1.0,1.0,
1.0
4,2,2,1
0.00354,0.02754,0.11649,0.29330,0.43275,0.30572,0.20252,0.56412,1.0
2,R14
C2,C8
6,4,0,0
6,2,1,1,1,1
0.00031,0.00249,0.01303,0.05227,0.16151,0.34767,0.40445,0.16243,1.0,1.0,
1.0,1.0
3,3,2,1
0.00354,0.02754,0.11649,0.29330,0.43275,0.30572,0.20252,0.56412,1.0
2,R14
C2,C8
6,4,0,0
6,2,1,1,1,1
0.00031,0.00249,0.01303,0.05227,0.16151,0.34767,0.40445,0.16243,1.0,1.0,
1.0,1.0
5,1,2,1
0.00354,0.02754,0.11649,0.29330,0.43275,1.0,0.20252,0.56412,1.0
2,R14
C2,C8
6,4,0,0
6,2,1,1,1,1
0.00031,0.00249,0.01303,0.05227,0.16151,0.34767,0.40445,0.16243,1.0,1.0,
1.0,1.0
5,1,1,2
0.00354,0.02754,0.11649,0.29330,0.43275,1.0,1.0,0.56412,0.38465
2,R14
C2,C8
6,4,0,0
6,2,1,1,1,1
0.00031,0.00249,0.01303,0.05227,0.16151,0.34767,0.40445,0.16243,1.0,1.0,
1.0,1.0
3,3,1,2
0.00354,0.02754,0.11649,0.29330,0.43275,0.30572,1.0,0.56412,0.38465
*14,39
7,5,0,0
1,R14,R27,1
C2
5,1,2,1,1,1,1
69989.3,10380.2,2330.01,657.466,214.004,77.6064,30.6395,12.8156,3.92714,
1.45221,0.257644,0.094404
5,1,1,1,1
337.495,78.6871,24.9351,9.21515,1.45199,3.61526,0.503992,0.186040,
0.065432
0.00031,0.00249,0.01303,0.05227,0.16151,1.0,0.40445,0.16243,1.0,1.0,1.0,
1.0
0.00354,0.02754,0.11649,0.29330,0.30572,1.0,1.0,1.0,1.0
*14,39
6,4,0,0
2,R14,R27,2
C2,C58
6,3,1,1,1,1
69989.3,10380.2,2330.01,657.466,214.004,77.6064,77.6064,30.6395,12.8156,
3.92714,1.45221,0.257644,0.094404
6,1,1,1
337.495,78.6871,24.9351,9.21515,1.45199,3.61526,0.503992,0.186040,
0.065432
0.00031,0.00249,0.01303,0.05227,0.16151,0.28140,0.06627,0.40445,0.16243,
1.0,1.0,1.0,1.0
0.00354,0.02754,0.11649,0.29330,0.30572,0.43275,1.0,1.0,1.0
2,R27
C2,C58
6,5,0,0
6,3,1,1,1,1
0.00031,0.00249,0.01303,0.05227,0.16151,0.28140,0.06627,0.40445,0.16243,
1.0,1.0,1.0,1.0
5,1,1,1,1
0.00354,0.02754,0.11649,0.29330,0.30572,1.0,1.0,1.0,1.0
*14,39
5,3,0,0
0,R70,R70,1
6,2,2,1,1
69989.3,10380.2,2330.01,657.47,214.00,77.606,30.640,12.816,
3.9271,1.4522,0.2576,0.0944
6,2,1
401.605,95.352,30.334,10.944,4.0417,1.4615,1.4615,0.3302,0.0952
0.000588,0.004654,0.024409,0.097675,0.305365,0.659171,0.731158,0.296429,
0.509065,0.534438,1.0,1.0
0.002635,0.020461,0.092111,0.268989,0.467767,0.354442,0.027776,0.985014,
1.0
*14,40
6,4,0,0
0,R70,R70,1
6,3,1,1,1,1
69989.3,10380.2,2330.01,657.47,214.00,77.606,77.606,30.640,12.816,
3.9271,1.4522,0.2576,0.0944
5,2,1,1
401.605,95.352,30.334,10.944,4.0417,4.0417,1.4615,0.3302,0.0952
0.000750,0.005941,0.031099,0.124883,0.387915,0.553878,0.177570,0.627947,
0.247638,1.0,1.0,1.0,1.0
0.002628,0.020400,0.091872,0.268204,0.733099,-1.107732,1.470012,1.0,1.0
*14,40
6,4,0,0
0,R70,R70,2
6,3,1,1,1,1
69379.23,10354.94,2333.88,657.14,214.30,77.629,77.629,30.631,12.801,
3.9269,1.4523,0.2562,0.0943
6,1,1,1
335.48,78.900,24.988,9.2197,3.6211,1.4513,0.5050,0.1863,0.0654
0.000757,0.005932,0.031088,0.124966,0.386896,0.554890,0.177882,0.627756,
0.247631,1.0,1.0,1.0,1.0
0.003616,0.027866,0.118678,0.298750,0.441192,0.312701,1.0,1.0,1.0
0,R70
6,5,0,0
6,3,1,1,1,1
0.000757,0.005932,0.031088,0.124967,0.386897,0.554888,0.177881,0.627765,
0.247623,1.0,1.0,1.0,1.0
4,2,1,1,1
0.008866,0.068299,0.290958,0.732116,0.619879,0.439148,1.0,1.0,1.0
*14,43
6,5,0,0
1,R56,R56,3
C45
5,3,1,1,2,1
70306.0,10379.4,2348.89,662.126,215.820,78.3800,31.0002,13.0319,
3.93559,1.47053,0.262164,0.109277,0.050700
4,2,1,2,1
336.677,78.9649,25.1634,9.29909,3.65598,1.47468,0.504721,
0.190038,0.072376,0.030000
0.001489,0.011734,0.061012,0.245518,0.756605,0.402935,0.471616,
0.194795,1.0,1.0,0.535610,0.498509,1.0
0.008929,0.068448,0.289326,0.733194,-0.615023,-0.443426,1.0,
0.627984,0.437045,1.0
1,R56
C45
6,5,0,0
6,2,1,1,2,1
0.000600,0.004729,0.024587,0.098936,0.304909,0.658483,0.727183,
0.300326,1.0,1.0,0.527390,0.506761,1.0
4,2,1,1,2
0.008929,0.068540,0.289372,0.733107,-0.615345,-0.443091,1.0,
1.0,0.918715,0.100418
1,R56
C45
6,4,0,0
6,2,1,1,2,1
0.000600,0.004729,0.024587,0.098936,0.304911,0.658482,0.727183,
0.300326,1.0,1.0,0.527390,0.506761,1.0
4,2,2,2
0.008929,0.068540,0.289372,0.733107,-0.615345,-0.443091,0.285035,
0.768178,0.919940,0.098938
*14,44
4,3,0,0
0,R25,R25,1
4,4,3,3
0.40804206E+5,0.72584976E+4,0.18318828E+4,0.52203261E+3,0.16625500E+3,
0.60620612E+2,0.24492434E+2,0.10133491E+2,0.32477726E+2,0.35229771E+1,
0.12656561E+1,0.16277993E+1,0.23187480E+0,0.83543295E-1
4,3,3
0.61654613E+3,0.12327961E+3,0.38668641E+2,0.14343312E+2,0.55958901E+1,
0.21892146E+1,0.85593527E+0,0.45753446E+0,0.16485063E+0,0.59732692E-1
0.68019296E-2,0.41156901E-1,0.19736215E+0,0.82202580E+0,0.21800587E+0,
0.40622026E+0,0.37804732E+0,0.10347870E+0,-0.81941584E-1,0.60929624E+0,
0.46506460E+0,-0.14473568E+0,0.67503723E+0,0.42859667E+0
0.58737440E-2,0.55226581E-1,0.25348851E+0,0.77227467E+0,0.46001975E+0,
0.48874775E+0,0.16248449E+0,0.25856644E+0,0.55520945E+0,0.31845944E+0
*14,45
7,5,0,0
0,R50,R50,1
7,2,1,2,1,1,1
155826.51,23079.307,5199.9854,1475.0695,481.85379,172.01647,65.137894,
25.800599,9.9664733,3.9676933,1.6235731,0.69245032,0.28028544,
0.12929707,0.060143831
5,2,1,1,1
603.32062,140.98056,44.57953,16.13802,6.4452912,2.6252495,1.0823207,
0.35796052,0.13177345,0.048157506
0.00019403,0.00153622,0.00807402,0.03306066,0.11270000,0.31412803,
0.62694684,0.80149448,0.22540958,1.0,0.87777655,0.13700954,1.0,1.0,1.0
0.00248313,0.02071088,0.10133687,0.32780631,0.66289954,0.70712877,
0.34292399,1.0,1.0,1.0
*14,53
4,3,0,0
1,R15,R15,1
C6
4,4,5,4
75911.8,7526.40,1836.70,523.800,163.166,57.1280,22.0225,8.40099,
27.451122,4.3647325,1.9484357,0.90994259,0.41772068,1.4440974,
0.27215379,0.12067624,0.05874907
4,4,4
676.270,125.861,38.3469,14.2328,5.85902,2.56542,1.16049,0.451879,
0.51344229,0.22294269,0.08948060,0.03525530
0.00505862,0.04356698,0.19495132,0.82385513,0.22872889,0.43626823,
0.37186694,0.06998354,-0.08029754,0.38535721,0.52105139,0.17114641,
0.00841242,-0.14073230,0.49617551,0.48148236,0.13613618
0.00537018,0.05550619,0.26208156,0.76511116,0.40812790,0.43930131,
0.23799358,0.02946335,0.17594255,0.43068141,0.44680987,0.08157427
*14,27
1,-3,0,0
2,R87,R87,1
C19,C50
3
9.10655D+02,1.37336D+02,2.97601D+01
3,2,1
3.66716D+01,8.31729D+00,2.21645D+00,1.07913D+00,3.02422D-01,
9.33392D-02
6.60823D-02,3.86229D-01,6.72380D-01
-1.04511D-01,1.07410D-01,9.51446D-01,-3.76108D-01,1.25165D+00,
1.00000D+00
1.13355D-01,4.57578D-01,6.07427D-01,6.71030D-02,9.56883D-01,
1.00000D+00
*14,42
1,-3,0,0
1,R87,R87,1
C19
6
1.61159D+04,2.42558D+03,5.53867D+02,1.56340D+02,5.00683D+01,
1.70178D+01
6,2,1
2.92718D+02,6.98731D+01,2.23363D+01,8.15039D+00,3.13458D+00,
1.22543D+00,1.07913D+00,3.02422D-01,9.33392D-02
1.95948D-03,1.49288D-02,7.28478D-02,2.46130D-01,4.85914D-01,
3.25002D-01
-2.78094D-03,-3.57146D-02,-1.14985D-01,9.35634D-02,6.03017D-01,
4.18959D-01,-3.76108D-01,1.25165D+00,1.00000D+00
4.43826D-03,3.26679D-02,1.34721D-01,3.28678D-01,4.49640D-01,
2.61372D-01,6.71030D-02,9.56883D-01,1.00000D+00
*14,27
1,-3,0,0
0,R62,R62,1
3
4.0779755E+02,7.4280833E+01,2.0103292E+01
3,2,1
2.3193656E+01,5.3897069E+00,1.7529000E+00,1.4787E+00,0.4126E+00,
0.1615E+00
1.5432897E-01,5.3532814E-01,4.4463454E-01
-9.9967229E-02,3.9951283E-01,7.0011547E-01,-1.0,1.0272E+00,1.0
1.5591627E-01,6.0768372E-01,3.9195739E-01,1.0,56.214E+00,1.0
*14,36
1,-3,0,0
0,R53,R53,1
4
2.6282839E+03,3.9626808E+02,8.9082940E+01,2.4046186E+01
4,3,1
9.4675701E+01,2.1993452E+01,6.5129817E+00,2.0583838E+00,3.9632462E+01,
1.3063812E+00,4.8503093E-01,1.3042709E-01
1.8521314E-02,1.2990486E-01,4.5510029E-01,5.3313186E-01
-2.4750296E-02,-1.3509246E-01,2.2773608E-01,8.7559312E-01,
-4.5119223E-02,-8.5047299E-01,1.5962858E+00,1.0
2.7414002E-02,1.6907914E-01,4.6910209E-01,5.1815306E-01,3.7790712E-03,
-4.6343840E-02,1.0339443E+00,1.0
*14,36
1,-3,0,0
0,R90,R90,1
4
2.6059680E+03,3.9306458E+02,8.8335217E+01,2.3834225E+01
4,3,1
9.8350696E+01,2.2873776E+01,6.7313241E+00,2.1016346E+00,5.9442794E+00,
1.3979891E+00,6.1161279E-01,1.3428009E-01
1.9580901E-02,1.3707516E-01,4.7849830E-01,5.5645508E-01
-2.4643052E-02,-1.3125360E-01,2.2114699E-01,8.8518706E-01,
-7.3108705E-02,-1.5103896E+00,1.9056390E+00,1.0
7.7019135E-02,4.7258463E-01,1.3216661E+00,1.5293785E+00,-1.1438383E-02,
-1.8363840E-01,9.5455022E-01,1.0
*14,36
1,-3,0,0
0,R90,R90,1
4
1.0287166E+04,1.5458181E+03,3.5381588E+02,9.7289306E+01
4,3,1
3.8962870E+02,9.4646384E+01,3.1465400E+01,9.9443751E+00,2.9044233E+01,
3.5406897E+00,1.2846400E+00,1.6332312E-01
9.5836559E-04,7.2615326E-03,3.6448292E-02,1.5909097E-01
-4.8562602E-03,-1.2560957E-01,3.1182402E-01,8.3683802E-02,
-6.5697214E-02,2.5666114E-01,2.1014717E-01,1.0
2.5098492E-03,1.9367648E-02,3.0231112E-03,2.8522326E-01,5.4667533E-02,
2.6813470E-01,1.6861299E-01,1.0
*14,46
1,-3,0,0
0,R78,R78,1
6
16192.1,2436.09,556.001,156.813,50.1692,17.0300
6,3,1
293.350,70.1173,22.4301,8.19425,3.14768,1.21515,1.65370,0.540760,
0.204406,0.0723837
1.94924E-3,1.48559E-2,7.25689E-2,2.45655E-1,4.86060E-1,3.25720E-1
-2.82991E-3,-3.60737E-2,-1.16808E-1,9.35768E-2,6.01705E-1,4.22207E-1,
-2.40600E-1,7.37953E-2,1.04094,1.0
4.43334E-3,3.24402E-2,1.33719E-1,3.26780E-1,4.51139E-1,2.64105E-1,
-1.51774E-2,2.75139E-1,7.83008E-1,1.0
*14,42
1,-3,0,0
1,R95,R95,1
C57
6
1.61159D+04,2.42558D+03,5.53867D+02,1.56340D+02,5.00683D+01,
1.70178D+01
6,3,1
2.92718D+02,6.98731D+01,2.23363D+01,8.15039D+00,3.13458D+00,
1.22543D+00,1.72738D+00,5.72922D-01,2.22192D-01,7.78369D-02
1.95948D-03,1.49288D-02,7.28478D-02,2.46130D-01,4.85914D-01,
3.25002D-01
-2.78094D-03,-3.57146D-02,-1.14985D-01,9.35634D-02,6.03017D-01,
4.18959D-01,-2.44630D-01,4.31572D-03,1.09818D+00,1.0
4.43826D-03,3.26679D-02,1.34721D-01,3.28678D-01,4.49640D-01,
2.61372D-01,-1.77951D-02,2.53539D-01,8.00669D-01,1.0
*14,33
6,4,0,0
1,R98,R98,1
C49
5,3,1,1,1,1
26740.0,4076.0,953.3,274.6,90.68,90.68,33.53,13.46,4.051,1.484,0.2704,
0.09932
4,2,1,1
163.7,38.35,12.02,4.185,4.185,1.483,0.3350,0.09699
0.002583,0.019237,0.093843,0.341235,0.641675,0.121439,0.653143,0.277624,
1.0,1.0,1.0,1.0
0.011498,0.077726,0.263595,0.758269,-1.173045,1.438335,1.0,1.0
                                                              PHOSPHORUS
*15,16
1,1,0,0
0,R38,0,0
7
4449.0,670.6,157.29,43.21,13.342,2.740,0.2036
3
18.122,3.606,0.2662
*15,18
1,1,0,0
0,R30,0,0
6
220.942,38.9184,5.13708,2.02664,0.331263,0.124194
4
14.3844,3.01217,0.400179,0.114423
*15,19
1,1,0,0
0,R38,0,0
7
4449.0,670.6,157.29,43.21,13.342,2.740,0.2036
4
47.0,10.34,2.692,0.2462
*15,24
1,1,0,0
0,R38,0,0
9
7392.0,1133.8,272.1,80.35,26.38,5.440,2.052,0.3570,0.1552
5
77.68,18.146,5.448,1.7764,0.2321
*15,28
1,1,0,0
0,R28,0,0
10
22566.5,3380.80,766.417,214.964,68.9703,23.9195,5.26929,1.96297,
0.350435,0.131021
6
109.959,25.1292,7.51127,2.39583,0.531089,0.150160
*15,32
1,1,0,0
1,R15,0,0
C56
11
30748.358,4612.8065,1071.2927,313.38392,103.62468,37.704751,14.881295,
4.5108802,1.7076425,0.34310992,0.12340046
7
198.98445,44.693691,13.442850,4.5924622,1.6707527,0.41301186,0.12303855
*15,19
6,4,0,0
0,R60,R60,1
2,1,1,1,1,1
1350.5,195.4,41.14,5.226,1.953,0.3513,0.1322
1,1,1,1
20.81,4.198,0.6408,0.1700
0.04927,0.32099,1.0,1.0,1.0,1.0,1.0
1.0,1.0,1.0,1.0
*15,24
3,2,0,0
1,R56,R56,1
C45
6,2,1
22760.1,3424.20,776.316,217.761,70.4738,24.2718,5.19332,1.92618,
0.209565
4,1
107.045,25.6800,7.68262,2.30062,0.241931
0.001522,0.011745,0.058262,0.208415,0.437576,0.422523,0.323803,
0.713041,1.0
0.029315,0.168706,0.472977,0.520880,1.0
*15,27
3,2,0,0
0,R82,R82,1
3,3,3
1054.02086,158.93176,34.44277,45.30474,3.93872,1.51423,2.33126,0.29438,
0.10701
3,3
46.08301,10.17027,2.64594,6.33123,0.45039,0.13218
0.06580,0.38435,0.67423,-0.09289,0.61524,0.45221,-0.18070,0.69233,
0.41641
0.10523,0.45932,0.61415,-0.01765,0.46854,0.63428
*15,27
3,2,0,0
0,R80,R80,1
5,2,2
8562.04,1326.21,309.472,87.8582,27.6904,6.24604,2.26043,0.366832,
0.141229
4,2
94.5987,21.6139,6.35504,2.06996,0.464098,0.134157
0.005142,0.036279,0.164923,0.427709,0.501096,0.176369,0.848709,0.374460,
0.662533
0.036522,0.214988,0.509141,0.433663,0.465899,0.636970
*15,28
3,2,0,0
0,R82,R82,1
4,3,3
2948.54973,446.45051,101.56620,27.35402,41.49165,4.13819,1.56799,
2.25085,0.29792,0.10889
3,3
46.08301,10.17027,2.64594,6.33123,0.45039,0.13218
0.01908,0.13144,0.45557,0.53121,-0.09532,0.59398,0.47840,-0.17376,
0.68527,0.42344
0.10527,0.45952,0.61394,-0.01763,0.46840,0.63442
*15,31
3,2,0,0
0,R82,R82,1
4,3,3
2952.46717,447.22377,101.74040,27.37811,41.44401,4.14795,1.56898,
2.26237,0.29976,0.10950
4,3
97.51908,22.35582,6.56167,2.03529,7.37347,0.45273,0.13089
0.01905,0.13114,0.45512,0.53198,-0.09549,0.59214,0.48049,-0.17484,
0.68195,0.42719
0.03471,0.20420,0.50704,0.45230,-0.01337,0.47940,0.62553
*15,36
4,2,0,0
0,R70,R70,1
6,2,2,2
77492.4,11605.8,2645.96,753.98,248.75,91.157,36.226,15.211,4.7139,
1.7825,0.3427,0.1247
6,2
447.04,108.298,34.767,12.583,4.6988,1.7528,0.4221,0.1253
0.000628,0.004855,0.025061,0.098738,0.304854,0.657259,0.717687,
0.310435,0.488605,0.552940,0.503529,0.541264
0.002849,0.021436,0.095813,0.279426,0.465562,0.338076,0.519445,
0.582056
*15,36
4,2,0,0
0,R70,R70,1
6,2,2,2
77492.4,11605.8,2645.96,753.98,248.75,91.157,36.226,15.211,4.7524,
1.7902,0.3247,0.1041
6,2
447.04,108.30,34.767,12.583,4.6315,1.7026,0.3674,0.0872
0.000628,0.004856,0.025065,0.098747,0.304908,0.657199,0.717674,
0.310448,0.484904,0.556905,0.546206,0.509545
0.002836,0.021495,0.095356,0.281420,0.475151,0.328464,0.532300,
0.602908
*15,39
6,4,0,0
2,R14,R14,9
C2,C8
4,4,1,1,1,1
77718.0,11609.3,2644.29,753.328,248.525,91.0698,36.1916,15.2063,4.71378,
1.78316,0.343249,0.125204
4,2,2,1
385.322,90.6269,28.7788,10.6643,4.24361,1.73769,0.595843,0.228550,
0.083760
0.00032,0.00255,0.01314,0.05195,0.15809,0.34099,0.40463,0.17114,1.0,1.0,
1.0,1.0
0.00370,0.02858,0.12149,0.30214,0.43369,0.29089,0.26816,0.56239,1.0
2,R14
C2,C7,C8
6,4,0,0
6,2,1,1,1,1
0.00032,0.00255,0.01314,0.05195,0.15809,0.34099,0.40463,0.17114,1.0,1.0,
1.0,1.0
3,3,1,2
0.00370,0.02858,0.12149,0.30214,0.43369,0.29089,1.0,0.56239,0.31943
2,R14
C2,C8
6,4,0,0
5,3,1,1,1,1
0.00032,0.00255,0.01314,0.05195,0.15809,0.34099,0.40463,0.17114,1.0,1.0,
1.0,1.0
4,2,2,1
0.00370,0.02858,0.12149,0.30214,0.43369,0.29089,0.26816,0.56239,1.0
2,R14
C2,C8
6,4,0,0
6,2,1,1,1,1
0.00032,0.00255,0.01314,0.05195,0.15809,0.34099,0.40463,0.17114,1.0,1.0,
1.0,1.0
4,2,2,1
0.00370,0.02858,0.12149,0.30214,0.43369,0.29089,0.26816,0.56239,1.0
2,R14
C2,C8
6,4,0,0
7,1,1,1,1,1
0.00032,0.00255,0.01314,0.05195,0.15809,0.34099,0.40463,1.0,1.0,1.0,1.0,
1.0
4,2,2,1
0.00370,0.02858,0.12149,0.30214,0.43369,0.29089,0.26816,0.56239,1.0
2,R14
C2,C8
6,4,0,0
6,2,1,1,1,1
0.00032,0.00255,0.01314,0.05195,0.15809,0.34099,0.40463,0.17114,1.0,1.0,
1.0,1.0
3,3,2,1
0.00370,0.02858,0.12149,0.30214,0.43369,0.29089,0.26816,0.56239,1.0
2,R14
C2,C8
6,4,0,0
6,2,1,1,1,1
0.00032,0.00255,0.01314,0.05195,0.15809,0.34099,0.40463,0.17114,1.0,1.0,
1.0,1.0
5,1,2,1
0.00370,0.02858,0.12149,0.30214,0.43369,1.0,0.26816,0.56239,1.0
2,R14
C2,C8
6,4,0,0
6,2,1,1,1,1
0.00032,0.00255,0.01314,0.05195,0.15809,0.34099,0.40463,0.17114,1.0,1.0,
1.0,1.0
5,1,1,2
0.00370,0.02858,0.12149,0.30214,0.43369,1.0,1.0,0.56239,0.31943
2,R14
C2,C8
6,4,0,0
6,2,1,1,1,1
0.00032,0.00255,0.01314,0.05195,0.15809,0.34099,0.40463,0.17114,1.0,1.0,
1.0,1.0
4,2,1,2
0.00370,0.02858,0.12149,0.30214,0.43369,0.29089,1.0,0.56239,0.31943
*15,39
7,5,0,0
1,R14,R27,1
C2
5,1,2,1,1,1,1
77718.0,11609.3,2644.29,753.328,248.525,91.0698,36.1916,15.2063,4.71378,
1.78316,0.343249,0.125204
5,1,1,1,1
385.322,90.6269,28.7788,10.6643,1.73769,4.24361,0.595843,0.228550,
0.083760
0.00032,0.00255,0.01314,0.05195,0.15809,1.0,0.40463,0.17114,1.0,1.0,1.0,
1.0
0.00370,0.02858,0.12149,0.30214,0.29089,1.0,1.0,1.0,1.0
*15,39
6,4,0,0
2,R14,R27,2
C2,C58
6,3,1,1,1,1
77718.0,11609.3,2644.29,753.328,248.525,91.0698,91.0698,36.1916,15.2063,
4.71378,1.78316,0.343249,0.125204
6,1,1,1
385.322,90.6269,28.7788,10.6643,1.73769,4.24361,0.595843,0.228550,
0.083760
0.00032,0.00255,0.01314,0.05195,0.15809,0.27599,0.06500,0.40463,0.17114,
1.0,1.0,1.0,1.0
0.00370,0.02858,0.12149,0.30214,0.29089,0.43369,1.0,1.0,1.0
2,R27
C2,C58
6,5,0,0
6,3,1,1,1,1
0.00032,0.00255,0.01314,0.05195,0.15809,0.27599,0.06500,0.40463,0.17114,
1.0,1.0,1.0,1.0
5,1,1,1,1
0.00370,0.02858,0.12149,0.30214,0.29089,1.0,1.0,1.0,1.0
*15,39
5,3,0,0
0,R70,R70,1
6,2,2,1,1
77492.4,11605.8,2645.96,753.98,248.75,91.157,36.226,15.211,4.7139,
1.7825,0.3427,0.1247
6,2,1
447.04,108.298,34.767,12.583,4.6988,1.7528,1.7528,0.4221,0.1253
0.000627,0.004854,0.025048,0.098740,0.304553,0.657557,0.718987,
0.309062,0.497060,0.544561,1.0,1.0
0.002853,0.021481,0.096358,0.279576,0.470775,0.331236,0.046703,
0.973260,1.0
*15,39
5,3,0,0
0,R70,R70,1
6,2,2,1,1
77492.4,11605.8,2645.96,753.98,248.75,91.157,36.226,15.211,4.7524,
1.7902,0.3247,0.1041
6,2,1
447.04,108.30,34.767,12.583,4.6315,1.7026,1.7026,0.3674,0.0872
0.000627,0.004855,0.025055,0.098751,0.304670,0.657432,0.718716,
0.309348,0.491854,0.550029,1.0,1.0
0.002835,0.021502,0.095679,0.281213,0.478982,0.323785,0.064276,
0.965658,1.0
*15,40
6,4,0,0
0,R70,R70,1
6,3,1,1,1,1
77492.4,11605.8,2645.96,753.98,248.75,91.157,91.157,36.226,15.211,
4.7139,1.7825,0.3427,0.1247
5,2,1,1
447.04,108.298,34.767,12.583,4.6988,4.6988,1.7528,0.4221,0.1253
0.000787,0.006100,0.031409,0.124327,0.380455,0.560129,0.163870,
0.625919,0.262340,1.0,1.0,1.0,1.0
0.003032,0.022815,0.102411,0.296873,0.698241,-0.818044,1.449594,
1.0,1.0
*15,40
6,4,0,0
0,R70,R70,1
6,3,1,1,1,1
77492.43,11605.79,2645.96,754.98,248.75,91.157,91.157,36.226,15.211,
4.7139,1.7827,0.3425,0.1246
6,1,1,1
384.84,90.552,28.806,10.688,4.2521,1.7405,0.5979,0.2292,0.0838
0.000787,0.006109,0.031368,0.124291,0.380682,0.559989,0.163997,
0.625927,0.262211,1.0,1.0,1.0,1.0
0.003765,0.029010,0.122953,0.306470,0.441349,0.295817,1.0,1.0,1.0
*15,40
6,4,0,0
0,R70,R70,1
6,3,1,1,1,1
77492.4,11605.8,2645.96,753.98,248.75,91.157,91.157,36.226,15.211,
4.7524,1.7902,0.3247,0.1041
5,2,1,1
447.04,108.30,34.767,12.583,4.6315,4.6315,1.7026,0.3674,0.0872
0.000784,0.006081,0.031310,0.123936,0.379232,0.561720,0.162134,
0.626613,0.263215,1.0,1.0,1.0,1.0
0.003101,0.023492,0.104622,0.307128,0.688785,-0.649095,1.380288,
1.0,1.0
*15,40
6,4,0,0
0,R70,R70,2
6,3,1,1,1,1
77492.4,11605.8,2645.96,754.98,248.76,91.157,91.157,36.226,15.211,
4.7942,1.8079,0.3568,0.1148
6,1,1,1
384.84,90.552,29.134,10.886,4.3526,1.7771,0.6970,0.2535,0.0685
0.000781,0.006068,0.031161,0.123434,0.378220,0.563249,0.160259,
0.627631,0.263863,1.0,1.0,1.0,1.0
0.003800,0.028849,0.120701,0.300681,0.442392,0.301695,1.0,1.0,1.0
0,R70
6,5,0,0
6,3,1,1,1,1
0.000781,0.006068,0.031160,0.123431,0.378209,0.563262,0.160255,
0.627647,0.263849,1.0,1.0,1.0,1.0
4,2,1,1,1
0.009206,0.069874,0.292470,0.728103,0.628349,0.428044,1.0,1.0,1.0
*15,43
6,5,0,0
1,R56,R56,3
C45
5,3,1,1,2,1
77897.5,11677.1,2664.12,759.506,250.724,91.9447,36.6116,15.4593,
4.71683,1.80588,0.358679,0.148998,0.066300
4,2,1,2,1
386.637,91.0895,29.0018,10.7747,4.29259,1.76425,0.593381,
0.233728,0.094180,0.044400
-0.001571,-0.012170,-0.062574,-0.247333,-0.752772,0.394391,0.470452,
0.204574,1.0,1.0,0.511550,0.522865,1.0
0.008966,0.068950,0.292284,0.729675,-0.627093,-0.428560,1.0,
0.653744,0.402861,1.0
1,R56
C45
6,5,0,0
6,2,1,1,2,1
0.000634,0.004913,0.025263,0.099839,0.303937,0.657205,0.716360,
0.311481,1.0,1.0,0.502155,0.532234,1.0
4,2,1,2,1
0.008966,0.069037,0.292321,0.729597,-0.627373,-0.428267,1.0,
0.653600,0.403014,1.0
1,R56
C45
6,4,0,0
6,2,1,1,2,1
0.000634,0.004913,0.025263,0.099839,0.303937,0.657204,0.716360,
0.311481,1.0,1.0,0.502155,0.532234,1.0
4,2,2,2
0.008966,0.069037,0.292321,0.729597,-0.627373,-0.428267,0.367860,
0.688936,0.915849,0.098334
*15,43
6,5,0,0
0,R70,R70,1
6,3,1,1,1,1
77492.43,11605.79,2645.96,754.98,248.75,91.157,91.157,36.226,15.211,
4.7139,1.7827,0.3425,0.1246
5,2,1,1,1
384.84,90.552,28.806,10.688,4.2521,4.2521,1.7405,0.5979,0.2292,0.0838
0.000787,0.006107,0.031373,0.124239,0.380893,0.559812,0.163986,
0.625950,0.262196,1.0,1.0,1.0,1.0
0.003240,0.024925,0.105697,0.263229,0.719053,-1.612739,1.205083,1.0,
1.0,1.0
*15,44
4,3,0,0
0,R25,R25,1
4,4,3,3
0.40001577E+5,0.66328698E+4,0.16211967E+4,0.48776917E+3,0.17015316E+3,
0.66157756E+2,0.27643796E+2,0.11605433E+2,0.36912459E+2,0.41846855E+1,
0.15351046E+1,0.20846180E+1,0.30603617E+0,0.11022258E+0
4,3,3
0.75274592E+3,0.13620443E+3,0.40820865E+2,0.15727993E+2,0.64290580E+1,
0.26545980E+1,0.10867029E+1,0.53935157E+0,0.18973089E+0,0.71089228E-1
0.70515224E-2,0.47159117E-1,0.22236456E+0,0.79417954E+0,0.22782024E+0,
0.40075159E+0,0.36947264E+0,0.10156376E+0,-0.81399692E-1,0.60944140E+0,
0.46399339E+0,-0.15166093E+0,0.67917361E+0,0.42832072E+0
0.53316710E-2,0.61111397E-1,0.27598789E+0,0.74656390E+0,0.46341109E+0,
0.47497073E+0,0.16397395E+0,0.35243968E+0,0.55705997E+0,0.21950858E+0
*15,53
4,3,0,0
1,R15,R15,1
C6
4,4,5,4
90900.0,8585.00,2142.00,591.469,188.288,67.0072,25.9032,9.91125,
32.450132,5.0229389,2.2708227,1.0916147,0.44142088,1.8494075,0.35651892,
0.15585425,0.07598686
4,4,4
814.448,138.434,41.8588,15.7718,6.64359,2.99014,1.36886,0.537351,
0.69735934,0.29486694,0.11592627,0.04041427,
0.00530738,0.04086462,0.19653033,0.82546692,0.22342340,0.43018735,
0.37853888,0.07403536,-0.08201390,0.40678688,0.50973502,0.16004465,
0.00788593,-0.14410274,0.51081081,0.48054150,0.12523500
0.00532326,0.05855793,0.27260810,0.75295699,0.42274312,0.43839563,
0.22195209,0.02262792,0.19089361,0.46394295,0.42498486,0.05481166
*15,36
1,-3,0,0
1,R37,R37,1
C19
4
3.018672D+03,4.551271D+02,1.023147D+02,2.761785D+01
4,3,1
1.144294D+02,2.658230D+01,7.871889D+00,2.487857D+00,5.075062D+01,
1.672862D+00,6.210974D-01,1.670160D-01
1.852131D-02,1.299049D-01,4.551003D-01,5.331319D-01
-2.475030D-02,-1.350925D-01,2.277361D-01,8.755931D-01,-4.511922D-02,
-8.504730D-01,1.596286D+00,1.000000D+00
2.741400D-02,1.690791D-01,4.691021D-01,5.181531D-01,3.779071D-03,
-4.634384D-02,1.033944D+00,1.000000D+00
*15,27
1,-3,0,0
2,R87,R87,1
C19,C50
3
1.05490D+03,1.59195D+02,3.45304D+01
3,2,1
4.42866D+01,1.01019D+01,2.73997D+00,1.21865D+00,3.95546D-01,
1.22811D-01
6.55407D-02,3.84036D-01,6.74541D-01
-1.02130D-01,8.15922D-02,9.69788D-01,-3.71495D-01,1.27099D+00,
1.00000D+00
1.10851D-01,4.56495D-01,6.06936D-01,9.15823D-02,9.34924D-01,
1.00000D+00
*15,42
1,-3,0,0
1,R87,R87,1
C19
6
1.94133D+04,2.90942D+03,6.61364D+02,1.85759D+02,5.91943D+01,
2.00310D+01
6,2,1
3.39478D+02,8.10101D+01,2.58780D+01,9.45221D+00,3.66566D+00,
1.46746D+00,1.21865D+00,3.95546D-01,1.22811D-01
1.85160D-03,1.42062D-02,6.99995D-02,2.40079D-01,4.84762D-01,
3.35200D-01
-2.78217D-03,-3.60499D-02,-1.16631D-01,9.68328D-02,6.14418D-01,
4.03798D-01,-3.71495D-01,1.27099D+00,1.00000D+00
4.56462D-03,3.36936D-02,1.39755D-01,3.39362D-01,4.50921D-01,
2.38586D-01,9.15823D-02,9.34924D-01,1.00000D+00
*15,42
1,-3,0,0
1,R95,R95,1
C57
6
1.94133D+04,2.90942D+03,6.61364D+02,1.85759D+02,5.91943D+01,
2.00310D+01
6,3,1
3.39478D+02,8.10101D+01,2.58780D+01,9.45221D+00,3.66566D+00,
1.46746D+00,2.15623D+00,7.48997D-01,2.83145D-01,9.98317D-02
1.85160D-03,1.42062D-02,6.99995D-02,2.40079D-01,4.84762D-01,
3.35200D-01
-2.78217D-03,-3.60499D-02,-1.16631D-01,9.68328D-02,6.14418D-01,
4.03798D-01,-2.52923D-01,3.28517D-02,1.08125D+00,1.0
4.56462D-03,3.36936D-02,1.39755D-01,3.39362D-01,4.50921D-01,
2.38586D-01,-1.77653D-02,2.74058D-01,7.85421D-01,1.0
*15,33
6,4,0,0
1,R98,R98,1
C49
5,3,1,1,1,1
30630.0,4684.0,1094.0,315.3,104.1,104.1,38.42,15.45,4.656,1.759,0.3409,
0.1238
4,2,1,1
187.7,43.63,13.60,4.766,4.766,1.743,0.4192,0.1245
0.002619,0.019479,0.095207,0.345742,0.636288,0.130706,0.650274,0.272308,
1.0,1.0,1.0,1.0
0.013158,0.090494,0.305054,0.713579,-0.792573,1.429987,1.0,1.0
                                                                  SULFUR
*16,18
1,1,0,0
0,R30,0,0
6
254.622,44.9307,6.06132,2.44758,0.419642,0.156061
4
17.2573,3.67964,0.511454,0.140106
*16,28
1,1,0,0
0,R28,0,0
10
25506.3,3812.82,860.556,242.940,79.0448,27.5705,6.49476,2.41078,
0.469815,0.173396
6
129.088,29.6305,8.84715,2.85576,0.626108,0.175233
*16,51
1,1,0,0
1,R48,0,0
C46
15
153862.0,19696.7,3815.95,1007.68,330.969,122.195,49.142,20.9006,
7.74044,3.56319,1.65210,0.862488,0.366050,0.220000,0.119965
12
608.130,142.587,47.1583,18.7351,8.10771,3.67612,1.74049,0.837644,
0.406083,0.201329,0.101289,0.050000
*16,19
6,4,0,0
0,R60,R60,1
2,1,1,1,1,1
1550.9,226.0,47.46,6.011,2.299,0.4342,0.1608
1,1,1,1
24.00,4.993,0.6525,0.1806
0.04860,0.31673,1.0,1.0,1.0,1.0,1.0
1.0,1.0,1.0,1.0
*16,24
3,2,0,0
1,R56,R56,1
C45
5,2,2
13198.9,1961.81,432.769,115.680,34.4998,6.74864,2.59777,0.401649,
0.163512
3,2
55.7599,12.2848,3.28976,0.634966,0.177684
0.003598,0.027325,0.139095,0.409778,0.551615,0.205252,0.819997,
0.507664,0.528258
0.102416,0.461238,0.609441,0.433193,0.671479
*16,27
3,2,0,0
0,R68,R68,1
3,3,3
1.12075E+3,1.72613E+2,3.84041E+1,4.841130E+1,5.23960E+0,2.15444E+0,
2.52106E+0,4.03651E-1,1.47347E-1
3,3
4.54572E+1,1.04817E+1,2.91319E+0,7.53257E-1,2.89607E-1,1.10548E-1
7.00404E-2,3.90016E-1,6.51111E-1,-9.99127E-2,4.87790E-1,6.06343E-1,
-1.76859E-1,6.77064E-1,5.01158E-1
1.28901E-1,4.86214E-1,5.53493E-1,3.04283E-1,5.10095E-1,3.46945E-1
*16,27
3,2,0,0
0,R82,R82,1
3,3,3
1197.75297,181.09550,39.37593,51.98935,4.56684,1.78167,2.86823,0.37667,
0.13662
3,3
53.82375,12.00132,3.18754,8.24064,0.58347,0.16444
0.06596,0.38426,0.67389,-0.09445,0.62604,0.44084,-0.18981,0.69535,
0.41836
0.10537,0.45997,0.61007,-0.01977,0.48043,0.62904
*16,27
4,3,0,0
1,R88,R88,1
C45
5,2,1,1
10557.045,1587.9418,360.94453,101.03712,31.618484,6.4867058,2.4845486,
0.45982407,0.17329674
4,1,1
131.86664,30.356502,9.0636957,2.9025872,0.6354884,0.1768490
0.0046534,0.0344409,0.1612752,0.4252259,0.4961841,0.2588286,0.8071962,
1.0,1.0
0.0273810,0.1704458,0.4638612,0.4936519,1.0,1.0
*16,27
3,2,0,0
0,R80,R80,1
5,2,2
11098.4,1636.96,375.179,106.206,33.0835,7.33226,2.73594,0.486707,
0.185920
4,2
103.964,23.5042,7.0438,2.38333,0.552258,0.154602
0.004490,0.033657,0.155696,0.414451,0.524746,0.155045,0.866323,0.349242,
0.687071
0.040445,0.233878,0.515861,0.402174,0.526474,0.583779
*16,28
3,2,0,0
0,R82,R82,1
4,3,3
3404.96838,515.52133,117.15110,31.50415,47.62582,4.79975,1.84723,
2.75897,0.38496,0.14071
3,3
53.98472,12.02830,3.19190,8.23121,0.58376,0.16451
0.01877,0.12963,0.45311,0.53526,-0.09691,0.60347,0.46843,-0.18327,
0.67978,0.43472
0.10501,0.45966,0.61070,-0.01984,0.47990,0.62956
*16,31
3,2,0,0
0,R82,R82,1
4,3,3
3423.41131,516.87666,117.31748,31.52309,47.63257,4.79276,1.83831,
2.77567,0.38467,0.14030
4,3
115.12771,26.46023,7.81884,2.46658,9.30690,0.59482,0.16512
0.01867,0.12937,0.45280,0.53591,-0.09656,0.59627,0.47574,-0.18823,
0.67301,0.44277
0.03410,0.20292,0.50851,0.44875,-0.01522,0.48462,0.62662
*16,36
4,2,0,0
0,R70,R70,1
6,2,2,2
94181.1,13921.8,3168.0,901.84,296.95,108.669,43.158,18.117,5.5710,
2.1429,0.4344,0.1571
6,2
532.03,126.64,39.752,14.140,5.2607,2.0064,0.5160,0.1495
0.000605,0.004730,0.024433,0.096690,0.302212,0.661736,0.701228,
0.327789,0.479262,0.560821,0.525843,0.519527
0.002754,0.021724,0.101253,0.297331,0.474829,0.302829,0.558142,
0.547358
*16,36
4,2,0,0
0,R70,R70,1
6,2,2,2
94181.1,13921.8,3168.0,901.84,296.95,108.669,43.158,18.117,5.5793,
2.1400,0.4171,0.1349
6,2
532.03,126.64,39.752,14.140,5.2095,1.9625,0.4661,0.1131
0.000605,0.004730,0.024434,0.096695,0.302193,0.661750,0.701349,
0.327662,0.480341,0.559979,0.555531,0.499352
0.002747,0.021762,0.100987,0.298658,0.481864,0.295759,0.562519,
0.569941
*16,37
4,3,0,0
0,R88,R88,1
6,2,2,2
78692.571,11447.267,2569.7486,731.61252,242.12095,88.573881,34.662743,
13.731222,5.1511903,2.0359538,0.43453476,0.15605231
5,1,2
317.93793,74.440331,23.336418,8.2977830,3.0771744,1.0561694,0.36393612,
0.11675016
0.0003844,0.0030956,0.0160500,0.0623795,0.1846113,0.3771496,0.3945712,
0.1126987,0.5669681,0.5362381,0.6591524,0.5413883
0.0065959,0.0489534,0.1939863,0.4228154,0.4398580,1.0,0.6183396,
0.3838145
*16,39
6,4,0,0
2,R14,R14,9
C2,C8
4,4,1,1,1,1
94181.1,13921.8,3168.04,901.843,296.954,108.669,43.1579,18.1168,5.57096,
2.14287,0.434389,0.157093
4,2,2,1
494.274,116.981,37.4960,13.8938,5.50267,2.24291,0.773628,0.291781,
0.102867
0.00030,0.00240,0.01235,0.04909,0.15099,0.33176,0.40836,0.18573,1.0,1.0,
1.0,1.0
0.00313,0.02423,0.10600,0.28302,0.43808,0.31509,0.27867,0.55806,1.0
2,R14
C2,C7,C8
6,4,0,0
6,2,1,1,1,1
0.00030,0.00240,0.01235,0.04909,0.15099,0.33176,0.40836,0.18573,1.0,1.0,
1.0,1.0
3,3,1,2
0.00313,0.02423,0.10600,0.28302,0.43808,0.31509,1.0,0.55806,0.32395
2,R14
C2,C8
6,4,0,0
5,3,1,1,1,1
0.00030,0.00240,0.01235,0.04909,0.15099,0.33176,0.40836,0.18573,1.0,1.0,
1.0,1.0
4,2,2,1
0.00313,0.02423,0.10600,0.28302,0.43808,0.31509,0.27867,0.55806,1.0
2,R14
C2,C8
6,4,0,0
6,2,1,1,1,1
0.00030,0.00240,0.01235,0.04909,0.15099,0.33176,0.40836,0.18573,1.0,1.0,
1.0,1.0
4,2,2,1
0.00313,0.02423,0.10600,0.28302,0.43808,0.31509,0.27867,0.55806,1.0
2,R14
C2,C8
6,4,0,0
7,1,1,1,1,1
0.00030,0.00240,0.01235,0.04909,0.15099,0.33176,0.40836,1.0,1.0,1.0,1.0,
1.0
4,2,2,1
0.00313,0.02423,0.10600,0.28302,0.43808,0.31509,0.27867,0.55806,1.0
2,R14
C2,C8
6,4,0,0
6,2,1,1,1,1
0.00030,0.00240,0.01235,0.04909,0.15099,0.33176,0.40836,0.18573,1.0,1.0,
1.0,1.0
3,3,2,1
0.00313,0.02423,0.10600,0.28302,0.43808,0.31509,0.27867,0.55806,1.0
2,R14
C2,C8
6,4,0,0
6,2,1,1,1,1
0.00030,0.00240,0.01235,0.04909,0.15099,0.33176,0.40836,0.18573,1.0,1.0,
1.0,1.0
5,1,2,1
0.00313,0.02423,0.10600,0.28302,0.43808,1.0,0.27867,0.55806,1.0
2,R14
C2,C8
6,4,0,0
6,2,1,1,1,1
0.00030,0.00240,0.01235,0.04909,0.15099,0.33176,0.40836,0.18573,1.0,1.0,
1.0,1.0
5,1,1,2
0.00313,0.02423,0.10600,0.28302,0.43808,1.0,1.0,0.55806,0.32395
2,R14
C2,C8
6,4,0,0
6,2,1,1,1,1
0.00030,0.00240,0.01235,0.04909,0.15099,0.33176,0.40836,0.18573,1.0,1.0,
1.0,1.0
4,2,1,2
0.00313,0.02423,0.10600,0.28302,0.43808,0.31509,1.0,0.55806,0.32395
*16,39
7,5,0,0
1,R14,R27,1
C2
5,1,2,1,1,1,1
94181.1,13921.8,3168.04,901.843,296.954,108.669,43.1579,18.1168,5.57096,
2.14287,0.434389,0.157093
5,1,1,1,1
494.274,116.981,37.4960,13.8938,2.24291,5.50267,0.773628,0.291781,
0.102867
0.00030,0.00240,0.01235,0.04909,0.15099,1.0,0.40836,0.18573,1.0,1.0,1.0,
1.0
0.00313,0.02423,0.10600,0.28302,0.31509,1.0,1.0,1.0,1.0
*16,39
6,4,0,0
2,R14,R27,2
C2,C58
6,3,1,1,1,1
94181.1,13921.8,3168.04,901.843,296.954,108.669,108.699,43.1579,18.1168,
5.57096,2.14287,0.434389,0.157093
6,1,1,1
494.274,116.981,37.4960,13.8938,2.24291,5.50267,0.773628,0.291781,
0.102867
0.00030,0.00240,0.01235,0.04909,0.15099,0.26852,0.06324,0.40836,0.18573,
1.0,1.0,1.0,1.0
0.00313,0.02423,0.10600,0.28302,0.31509,0.43808,1.0,1.0,1.0
2,R27
C2,C58
6,5,0,0
6,3,1,1,1,1
0.00030,0.00240,0.01235,0.04909,0.15099,0.26852,0.06324,0.40836,0.18573,
1.0,1.0,1.0,1.0
5,1,1,1,1
0.00313,0.02423,0.10600,0.28302,0.31509,1.0,1.0,1.0,1.0
*16,39
5,3,0,0
0,R70,R70,1
6,2,2,1,1
94181.1,13921.8,3168.0,901.84,296.95,108.669,43.158,18.117,5.5710,
2.1429,0.4344,0.1571
6,2,1
532.03,126.64,39.752,14.140,5.2607,2.0064,2.0064,0.5160,0.1495
0.000604,0.004729,0.024421,0.096696,0.301918,0.662023,0.702399,
0.326558,0.486377,0.553790,1.0,1.0
0.002751,0.021715,0.101495,0.296948,0.478560,0.298478,0.072743,
0.955731,1.0
*16,39
5,3,0,0
0,R70,R70,1
6,2,2,1,1
94181.1,13921.8,3168.0,901.84,296.95,108.669,43.158,18.117,5.5793,
2.1400,0.4171,0.1349
6,2,1
532.03,126.64,39.752,14.140,5.2095,1.9625,1.9625,0.4661,0.1131
0.000604,0.004730,0.024425,0.096704,0.301959,0.661976,0.702301,
0.326661,0.486201,0.554188,1.0,1.0
0.002739,0.021716,0.101037,0.297846,0.484625,0.293188,0.084337,
0.951087,1.0
*16,40
6,4,0,0
0,R70,R70,1
6,3,1,1,1,1
94181.1,13921.8,3168.0,901.84,296.95,108.669,108.669,43.158,18.117,
5.5710,2.1429,0.4344,0.1571
5,2,1,1
532.03,126.64,39.752,14.140,5.2607,5.2607,2.0064,0.5160,0.1495
0.000740,0.005813,0.029940,0.119125,0.368448,0.577178,0.143078,
0.624336,0.283564,1.0,1.0,1.0,1.0
0.003018,0.023801,0.111377,0.325261,0.666894,-0.604586,1.375383,
1.0,1.0
*16,40
6,4,0,0
0,R70,R70,1
6,3,1,1,1,1
93413.4,13961.7,3169.9,902.46,297.16,108.702,108.702,43.155,18.108,
5.5705,2.1427,0.4340,0.1570
6,1,1,1
495.04,117.22,37.507,13.910,5.5045,2.2433,0.7762,0.2919,0.1029
0.000742,0.005790,0.029941,0.118975,0.368290,0.577489,0.142932,
0.624649,0.283400,1.0,1.0,1.0,1.0
0.003171,0.024643,0.107845,0.288489,0.448108,0.320517,1.0,1.0,1.0
*16,40
6,4,0,0
0,R70,R70,1
6,3,1,1,1,1
94181.1,13921.8,3168.0,901.84,296.95,108.669,108.669,43.158,18.117,
5.5793,2.1400,0.4171,0.1349
5,2,1,1
532.03,126.64,39.752,14.140,5.2095,5.2095,1.9625,0.4661,0.1131
0.000739,0.005808,0.029912,0.119017,0.368093,0.577631,0.142577,
0.624504,0.283844,1.0,1.0,1.0,1.0
0.003028,0.023994,0.111787,0.328829,0.664380,-0.541938,1.340560,
1.0,1.0
*16,40
6,4,0,0
0,R70,R70,2
6,3,1,1,1,1
93413.4,13961.7,3169.9,902.46,297.16,108.702,108.702,43.155,18.108,
5.5601,2.1318,0.4204,0.1360
6,1,1,1
495.04,117.22,37.775,14.058,5.5657,2.2630,0.8080,0.2775,0.0771
0.000743,0.005793,0.029955,0.119031,0.368441,0.577287,0.143186,
0.624464,0.283367,1.0,1.0,1.0,1.0
0.003184,0.024535,0.106461,0.285310,0.449007,0.323779,1.0,1.0,1.0
0,R70
6,5,0,0
6,3,1,1,1,1
0.000743,0.005793,0.029954,0.119028,0.368432,0.577299,0.143186,
0.624465,0.283366,1.0,1.0,1.0,1.0
4,2,1,1,1
0.008309,0.064024,0.277614,0.745076,0.613712,0.443818,1.0,1.0,1.0
*16,43
6,5,0,0
1,R56,R56,3
C45
5,3,1,1,2,1
93486.5,13995.5,3192.52,909.026,299.552,109.704,43.6469,18.4058,
5.57457,2.17098,0.457510,0.186820,0.079300
4,2,1,2,1
495.057,117.912,37.7704,14.0160,5.56155,2.27465,0.772902,
0.297281,0.112397,0.040800
-0.001548,-0.012001,-0.061785,-0.245595,-0.755031,0.380443,0.470516,
0.219664,1.0,1.0,0.517394,0.518314,1.0
0.008241,0.063500,0.278577,0.744916,0.609915,0.447045,1.0,
0.652718,0.411788,1.0
1,R56
C45
6,5,0,0
6,2,1,1,2,1
0.000616,0.004778,0.024601,0.097768,0.300653,0.662332,0.701321,
0.327394,1.0,1.0,0.508117,0.527578,1.0
4,2,1,2,1
0.008241,0.063578,0.278636,0.744824,0.610176,0.446774,1.0,
0.652544,0.411973,1.0
1,R56
C45
6,4,0,0
6,2,1,1,2,1
0.000616,0.004778,0.024601,0.097767,0.300655,0.662330,0.701321,
0.327394,1.0,1.0,0.508117,0.527578,1.0
4,2,2,2
0.008241,0.063578,0.278636,0.744824,0.610176,0.446774,0.376690,
0.683410,0.949044,0.067895
*16,43
6,5,0,0
0,R70,R70,1
6,3,1,1,1,1
93413.4,13961.7,3169.9,902.46,297.16,108.702,108.702,43.155,18.108,
5.5705,2.1427,0.4340,0.1570
5,2,1,1,1
495.04,117.22,37.507,13.910,5.5045,5.5045,2.2433,0.7762,0.2919,0.1029
0.000742,0.005790,0.029945,0.118971,0.368273,0.577507,0.142943,
0.624606,0.283438,1.0,1.0,1.0,1.0
0.002720,0.021090,0.092369,0.246781,0.743840,-1.608719,1.223255,1.0,1.0,
1.0
*16,44
4,3,0,0
0,R25,R25,1
4,4,3,3
0.58410540E+5,0.10357199E+5,0.26132486E+4,0.74600499E+3,0.23599781E+3,
0.84917372E+2,0.33776738E+2,0.13850929E+2,0.42246280E+2,0.48856067E+1,
0.18256276E+1,0.26177980E+1,0.38294926E+0,0.13697255E+0
4,3,3
0.90433236E+3,0.15987139E+3,0.47559424E+2,0.17933673E+2,0.74939235E+1,
0.30851049E+1,0.12400359E+1,0.10214299E+1,0.35035162E+0,0.11223503E+0
0.67552368E-2,0.41026014E-1,0.19684020E+0,0.82244733E+0,0.20353234E+0,
0.39825150E+0,0.39340496E+0,0.11296228E+0,-0.84630910E-1,0.61236082E+0,
0.46112865E+0,-0.15769163E+0,0.70048199E+0,0.40940202E+0
0.51223794E-2,0.58224012E-1,0.27814183E+0,0.74837691E+0,0.46885809E+0,
0.48826710E+0,0.14115820E+0,0.19057796E+0,0.57601792E+0,0.37612792E+0
*16,45
7,5,0,0
0,R88,R88,1
7,2,1,2,1,1,1
202717.22,30160.149,6841.8735,1914.8305,614.46376,218.31321,83.399394,
33.598513,13.618960,5.4517072,2.2832059,0.88690243,0.38742399,
0.16519553,0.078958254
5,2,1,1,1
785.83222,182.88200,57.574868,21.044853,8.3062253,3.3726553,1.3677634,
0.47036433,0.16726381,0.062646970
0.0001170,0.0009140,0.0048116,0.0203059,0.0703499,0.1932939,0.3753917,
0.3778773,0.1078736,1.0,0.5533611,0.0766735,1.0,1.0,1.0
0.0014330,0.0120956,0.0599535,0.1923953,0.3825881,0.4152366,0.1441473,
1.0,1.0,1.0
*16,53
4,3,0,0
1,R15,R15,1
C6
4,4,5,4
101544.0,9991.00,2595.32,748.996,233.973,82.1019,31.4900,12.0706,
37.635630,5.7737917,2.6467327,1.3327447,0.54737550,2.3082556,0.44689303,
0.19764322,0.09468205
4,4,4
950.700,162.029,49.3703,18.1478,7.53578,3.39768,1.61302,0.580569,
0.96877843,0.41090095,0.17005909,0.07666571
0.00567339,0.04561908,0.19147490,0.82435076,0.20851230,0.41772317,
0.39583331,0.08726301,-0.08439924,0.41985511,0.49781708,0.15465110,
0.01168076,-0.14458602,0.52455263,0.46898255,0.12391856
0.00517551,0.05507780,0.26470782,0.76400782,0.44810028,0.42883191,
0.20380183,0.01984817,0.17365935,0.43829283,0.39189841,0.13820072
*16,12
1,-3,0,0
1,R37,R37,1
C19
4
3.442124D+03,5.189131D+02,1.166909D+02,3.157165D+01
4,3,1
1.274406D+02,2.974767D+01,8.834664D+00,2.817390D+00,3.729185D+00,
1.406770D+00,5.481100D-01,1.703809D-01
1.849212D-02,1.298220D-01,4.550418D-01,5.330084D-01
-2.726461D-02,-1.424834D-01,2.597044D-01,8.525473D-01,-2.775315D-01,
-4.576435D-01,1.431684D+00,1.000000D+00
2.915200D-02,1.779597D-01,4.836237D-01,4.942553D-01,-3.375093D-02,
1.457110D-01,8.982887D-01,1.000000D+00
*16,21
1,-3,0,0
2,R87,R87,1
C19,C50
3
1.21062D+03,1.82747D+02,3.96673D+01
3,2,1
5.22236D+01,1.19629D+01,3.28911D+00,1.22384D+00,4.57303D-01,
1.42269D-01
6.50071D-02,3.82040D-01,6.76545D-01
-1.00310D-01,6.50877D-02,9.81455D-01,-2.86089D-01,1.22806D+00,
1.00000D+00
1.09646D-01,4.57649D-01,6.04261D-01,1.64777D-01,8.70855D-01,
1.00000D+00
*16,42
1,-3,0,0
1,R87,R87,1
C19
6
2.19171D+04,3.30149D+03,7.54146D+02,2.12711D+02,6.79896D+01,
2.30515D+01
6,2,1
4.23735D+02,1.00710D+02,3.21599D+01,1.18079D+01,4.63110D+00,
1.87025D+00,1.22384D+00,4.57303D-01,1.42269D-01
1.86924D-03,1.42303D-02,6.96962D-02,2.38487D-01,4.83307D-01,
3.38074D-01
-2.37677D-03,-3.16930D-02,-1.13317D-01,5.60900D-02,5.92255D-01,
4.55006D-01,-2.86089D-01,1.22806D+00,1.00000D+00
4.06101D-03,3.06813D-02,1.30452D-01,3.27205D-01,4.52851D-01,
2.56042D-01,1.64777D-01,8.70855D-01,1.00000D+00
*16,27
1,-3,0,0
2,R81,R81,1
C47,C-37
3
5.189131E+2,1.166909E+2,3.157165E+1
3,2,1
2.974767E+1,8.834664E+0,2.817390E+0,1.5292E+0,0.5480E+0,0.1700E+0
1.298220E-1,4.550418E-1,5.330084E-1
-1.424834E-1,2.597044E-1,8.525473E-1,-1.0,3.1004E+0,1.0
1.779597E-1,4.836237E-1,4.942553E-1,1.0,10.7383E+0,1.0
*16,27
1,-4,0,0
1,R88,R88,1
C45
3
12685.967,1905.4934,428.40673
2,2,1,1
115.10763,34.489437,10.414993,3.2241833,0.77942289,0.21373184
0.0036591,0.0288675,0.1314973
0.4171605,0.4961874,0.0627441,0.9195282,1.0,1.0
0.0278306,0.1328509,0.4393358,0.5318958,1.0,1.0
*16,36
1,-4,0,0
1,R88,R88,1
C45
4
104514.56,15666.863,3556.3030,987.26786
3,1,2,2
303.72481,100.62052,36.089280,12.973151,4.8398038,1.8654904,0.49586323,
0.15060411
0.0002665,0.0020637,0.0108175,0.0457172
0.1602805,0.3851939,0.4363571,1.0,0.7284700,0.4198822,0.6536297,
0.5389003
0.0058597,0.0243452,0.1106589,1.0,0.4740380,0.2635956,0.5991099,
0.5263737
*16,45
1,-7,0,0
1,R88,R88,1
C45
5
186316.11,28410.100,6659.1691,1966.5972,400.11820
4,1,1,1,1,1,1
724.34659,186.74985,74.240513,30.342519,12.304438,5.0833983,2.1264821,
0.75051323,0.28820594,0.10224432
0.0001288,0.0009688,0.0048246,0.0184867,0.0579350
0.0435831,0.2035375,0.3881400,0.3505701,1.0,1.0,1.0,1.0,1.0,1.0
0.0016258,0.0098533,0.0337690,0.1205038,1.0,1.0,1.0,1.0,1.0,1.0
*16,46
1,-3,0,0
0,R88,R88,1
6
22008.667,3306.1825,752.17730,211.68569,67.652918,22.946141
6,3,1
417.22707,99.314397,31.738519,11.675152,4.5722234,1.8159757,2.6275939,
0.88893805,0.32680070,0.11227102
0.00188290,0.01440599,0.07090896,0.24252486,0.48922265,0.33979894
-0.00265110,-0.03439967,-0.12146404,0.06905945,0.60595698,0.45374568,
-0.26300800,0.09758273,1.0384326,1.0
0.00419152,0.03156237,0.13335280,0.33175857,0.45885273,0.25354385,
-0.01267899,0.33794671,0.77460907,1.00
*16,42
1,-3,0,0
1,R95,R95,1
C57
6
2.19171D+04,3.30149D+03,7.54146D+02,2.12711D+02,6.79896D+01,
2.30515D+01
6,3,1
4.23735D+02,1.00710D+02,3.21599D+01,1.18079D+01,4.63110D+00,
1.87025D+00,2.61584D+00,9.22167D-01,3.41287D-01,1.17167D-01
1.86924D-03,1.42303D-02,6.96962D-02,2.38487D-01,4.83307D-01,
3.38074D-01
-2.37677D-03,-3.16930D-02,-1.13317D-01,5.60900D-02,5.92255D-01,
4.55006D-01,-2.50374D-01,6.69570D-02,1.05451D+00,1.0
4.06101D-03,3.06813D-02,1.30452D-01,3.27205D-01,4.52851D-01,
2.56042D-01,-1.45105D-02,3.10263D-01,7.54483D-01,1.0
*16,33
6,4,0,0
1,R98,R98,1
C49
5,3,1,1,1,1
35710.0,5397.0,1250.0,359.9,119.2,119.2,43.98,17.63,5.42,2.074,0.4246,
0.1519
4,2,1,1
212.9,49.60,15.52,5.476,5.476,2.044,0.5218,0.1506
0.002565,0.019405,0.095595,0.345793,0.635794,0.130096,0.651301,
0.271955,1.0,1.0,1.0,1.0
0.014091,0.096685,0.323874,0.691756,-0.626737,1.377051,1.0,1.0
                                                                CHLORINE
*17,18
1,1,0,0
0,R30,0,0
6
291.089,51.4563,7.21092,2.94131,0.517819,0.192321
4
20.3878,4.41311,0.637749,0.172008
*17,28
1,1,0,0
0,R28,0,0
10
28656.3,4299.00,976.335,274.415,89.0063,31.2371,7.76951,3.07933,
0.651038,0.240798
6
150.436,34.7101,10.4071,3.37330,0.748495,0.207855
*17,24
3,2,0,0
1,R56,R56,1
C45
5,2,2
12137.3,1841.14,420.947,117.969,36.9384,7.71955,3.04035,0.621574,
0.239271
4,1
111.527,25.4609,7.42655,2.42053,0.364644
0.004608,0.033625,0.158252,0.421317,0.515629,0.207947,0.816456,
0.313206,0.720506
0.044249,0.253418,0.553339,0.347288,1.0
*17,27
3,2,0,0
0,R82,R82,1
3,3,3
1358.82774,205.55039,44.73923,59.22575,5.22992,2.06114,3.45426,0.46405,
0.16789
3,3
63.56607,14.22227,3.81975,10.07949,0.73445,0.20415
0.06569,0.38328,0.67481,-0.09574,0.63806,0.42840,-0.19587,0.70063,
0.41638
0.10256,0.45658,0.61299,-0.02174,0.48665,0.62544
*17,27
3,2,0,0
0,R80,R80,1
5,2,2
12137.3,1841.14,420.947,117.969,36.9384,7.71955,3.04035,0.619263,
0.230905
4,2
111.527,25.7529,7.64994,2.53083,0.636114,0.195716
0.004608,0.033622,0.158255,0.421220,0.515729,0.208024,0.816386,0.345951,
0.691866
0.044272,0.247905,0.543319,0.360160,0.559135,0.537511
*17,27
3,2,0,0
1,R80,R80,1
C30
5,2,2
12252.8,1857.46,423.669,118.937,37.2492,7.82439,3.06110,0.679776,
0.220809
4,2
112.537,25.9489,7.75750,2.64922,0.632339,0.158373
0.004554,0.033331,0.157294,0.418076,0.519782,0.199279,0.824650,0.300277,
0.743851
0.043778,0.246766,0.532778,0.368930,0.539165,0.588059
*17,28
3,2,0,0
0,R82,R82,1
4,3,3
3848.12178,583.13176,132.74171,35.76842,54.16815,5.53537,2.16315,
3.35656,0.46909,0.17073
3,3
63.79540,14.25929,3.82583,10.10537,0.73448,0.20416
0.01877,0.12947,0.45247,0.53576,-0.09842,0.60664,0.46488,-0.19033,
0.69440,0.42279
0.10213,0.45619,0.61375,-0.02180,0.48637,0.62570
*17,31
3,2,0,0
0,R82,R82,1
4,3,3
3855.56170,584.23357,132.93186,35.79090,54.15434,5.52527,2.15040,
3.34449,0.47494,0.17308
4,3
131.59905,30.40899,9.05879,2.90681,11.28714,0.75025,0.20510
0.01873,0.12920,0.45217,0.53636,-0.09844,0.60937,0.46242,-0.19079,
0.68441,0.43372
0.03449,0.20499,0.51141,0.44052,-0.01652,0.48988,0.62406
*17,36
4,2,0,0
0,R70,R70,1
6,2,2,2
105747.0,15855.3,3615.3,1030.0,339.69,124.497,49.514,20.814,6.4650,
2.5257,0.5381,0.1936
6,2
622.03,145.50,45.009,15.901,5.9259,2.2944,0.6281,0.1812
0.000611,0.004715,0.024386,0.096364,0.301560,0.662440,0.695868,
0.333328,0.476217,0.562616,0.535513,0.510285
0.002699,0.022166,0.105664,0.309793,0.480689,0.277172,0.580292,
0.525490
*17,36
4,2,0,0
0,R70,R70,1
6,2,2,2
105747.0,15855.3,3615.3,1030.0,339.69,124.497,49.514,20.814,6.6666,
2.5792,0.5137,0.1680
6,2
622.03,145.50,45.009,15.901,5.8471,2.2263,0.5712,0.1416
0.000611,0.004717,0.024407,0.096380,0.301949,0.662041,0.695214,
0.334013,0.455455,0.583789,0.567951,0.485732
0.002691,0.022223,0.105306,0.311781,0.490243,0.267116,0.589236,
0.539557
*17,39
6,4,0,0
2,R14,R14,9
C2,C8
4,4,1,1,1,1
105747.,15855.3,3615.32,1030.03,339.691,124.497,49.5143,20.8138,6.46497,
2.52567,0.538139,0.193558
4,2,2,1
587.622,139.745,44.7900,16.5885,6.60076,2.71409,0.950083,0.358271,
0.124986
0.00030,0.00236,0.01220,0.04844,0.14902,0.32876,0.40884,0.19018,1.0,1.0,
1.0,1.0
0.00294,0.02290,0.10216,0.27867,0.43849,0.31892,0.29440,0.55450,1.0
2,R14
C2,C7,C8
6,4,0,0
6,2,1,1,1,1
0.00030,0.00236,0.01220,0.04844,0.14902,0.32876,0.40884,0.19018,1.0,1.0,
1.0,1.0
3,3,1,2
0.00294,0.02290,0.10216,0.27867,0.43849,0.31892,1.0,0.55450,0.31609
2,R14
C2,C8
6,4,0,0
5,3,1,1,1,1
0.00030,0.00236,0.01220,0.04844,0.14902,0.32876,0.40884,0.19018,1.0,1.0,
1.0,1.0
4,2,2,1
0.00294,0.02290,0.10216,0.27867,0.43849,0.31892,0.29440,0.55450,1.0
2,R14
C2,C8
6,4,0,0
6,2,1,1,1,1
0.00030,0.00236,0.01220,0.04844,0.14902,0.32876,0.40884,0.19018,1.0,1.0,
1.0,1.0
4,2,2,1
0.00294,0.02290,0.10216,0.27867,0.43849,0.31892,0.29440,0.55450,1.0
2,R14
C2,C8
6,4,0,0
7,1,1,1,1,1
0.00030,0.00236,0.01220,0.04844,0.14902,0.32876,0.40884,1.0,1.0,1.0,1.0,
1.0
4,2,2,1
0.00294,0.02290,0.10216,0.27867,0.43849,0.31892,0.29440,0.55450,1.0
2,R14
C2,C8
6,4,0,0
6,2,1,1,1,1
0.00030,0.00236,0.01220,0.04844,0.14902,0.32876,0.40884,0.19018,1.0,1.0,
1.0,1.0
3,3,2,1
0.00294,0.02290,0.10216,0.27867,0.43849,0.31892,0.29440,0.55450,1.0
2,R14
C2,C8
6,4,0,0
6,2,1,1,1,1
0.00030,0.00236,0.01220,0.04844,0.14902,0.32876,0.40884,0.19018,1.0,1.0,
1.0,1.0
5,1,2,1
0.00294,0.02290,0.10216,0.27867,0.43849,1.0,0.29440,0.55450,1.0
2,R14
C2,C8
6,4,0,0
6,2,1,1,1,1
0.00030,0.00236,0.01220,0.04844,0.14902,0.32876,0.40884,0.19018,1.0,1.0,
1.0,1.0
5,1,1,2
0.00294,0.02290,0.10216,0.27867,0.43849,1.0,1.0,0.55450,0.31609
2,R14
C2,C8
6,4,0,0
6,2,1,1,1,1
0.00030,0.00236,0.01220,0.04844,0.14902,0.32876,0.40884,0.19018,1.0,1.0,
1.0,1.0
4,2,1,2
0.00294,0.02290,0.10216,0.27867,0.43849,0.31892,1.0,0.55450,0.31609
*17,39
7,5,0,0
1,R14,R27,1
C2
5,1,2,1,1,1,1
105747.,15855.3,3615.32,1030.03,339.691,124.497,49.5143,20.8138,6.46497,
2.52567,0.538139,0.193558
5,1,1,1,1
587.622,139.745,44.7900,16.5885,2.71409,6.60076,0.950083,0.358271,
0.124986
0.001520,0.011958,0.061818,0.245449,0.755096,1.0,0.702223,0.326653,1.0,
1.0,1.0,1.0
0.005183,0.040373,0.180110,0.491300,0.562261,1.0,1.0,1.0,1.0
*17,40
6,4,0,0
1,R14,R27,2
C2
6,3,1,1,1,1
105747.,15855.3,3615.32,1030.03,339.691,124.497,124.497,49.5143,20.8138,
6.46497,2.52567,0.538139,0.193558
6,1,1,1
587.622,139.745,44.7900,16.5885,2.71409,6.60076,0.950083,0.358271,
0.124986
0.000732,0.005759,0.029770,0.118201,0.363632,0.582612,0.137213,0.623311,
0.289946,1.0,1.0,1.0,1.0
0.003003,0.023392,0.104353,0.284653,0.325767,0.447904,1.0,1.0,1.0
1,R27
C2
6,5,0,0
6,3,1,1,1,1
0.000732,0.005759,0.029770,0.118201,0.363632,0.582612,0.137213,0.623311,
0.289946,1.0,1.0,1.0,1.0
5,1,1,1,1
0.005183,0.040373,0.180110,0.491300,0.562261,1.0,1.0,1.0,1.0
*17,39
5,3,0,0
0,R70,R70,1
6,2,2,1,1
105747.0,15855.3,3615.3,1030.0,339.69,124.497,49.514,20.814,6.4650,
2.5257,0.5381,0.1936
6,2,1
622.03,145.50,45.009,15.901,5.9259,2.2944,2.2944,0.6281,0.1812
0.000611,0.004717,0.024376,0.096374,0.301286,0.662704,0.696966,
0.332175,0.482375,0.556533,1.0,1.0
0.002685,0.022096,0.105592,0.308718,0.483232,0.275257,0.091217,
0.941595,1.0
*17,39
5,3,0,0
0,R70,R70,1
6,2,2,1,1
105747.0,15855.3,3615.3,1030.0,339.69,124.497,49.514,20.814,6.6666,
2.5792,0.5137,0.1680
6,2,1
622.03,145.50,45.009,15.901,5.8471,2.2263,2.2263,0.5712,0.1416
0.000611,0.004717,0.024398,0.096396,0.301697,0.662279,0.696038,
0.333149,0.460254,0.579082,1.0,1.0
0.002676,0.022106,0.104994,0.310145,0.491659,0.267417,0.102797,
0.936517,1.0
*17,40
6,4,0,0
0,R70,R70,1
6,3,1,1,1,1
105747.0,15855.3,3615.3,1030.0,339.69,124.497,124.497,49.514,20.814,
6.4650,2.5257,0.5381,0.1936
5,2,1,1
622.03,145.50,45.009,15.901,5.9259,5.9259,2.2944,0.6281,0.1812
0.000744,0.005761,0.029706,0.118065,0.365326,0.581034,0.137560,0.622723,
0.290265,1.0,1.0,1.0,1.0
0.002979,0.024437,0.116984,0.341056,0.648174,-0.508716,1.332043,
1.0,1.0
*17,40
6,4,0,0
0,R70,R70,1
6,3,1,1,1,1
105818.8,15872.0,3619.7,1030.8,339.91,124.538,124.538,49.514,20.806,
6.4648,2.5254,0.5378,0.1935
6,1,1,1
589.78,139.85,44.795,16.612,6.5995,2.7141,0.9528,0.3580,0.1250
0.000743,0.005754,0.029674,0.117991,0.365319,0.581146,0.137543,0.622920,
0.290106,1.0,1.0,1.0,1.0
0.002982,0.023375,0.103998,0.284430,0.450686,0.323064,1.0,1.0,1.0
*17,40
6,4,0,0
0,R70,R70,1
6,3,1,1,1,1
105747.0,15855.3,3615.3,1030.0,339.69,124.497,124.497,49.514,20.814,
6.6666,2.5792,0.5137,0.1680
5,2,1,1
622.03,145.50,45.009,15.901,5.8471,5.8471,2.2263,0.5712,0.1416
0.000735,0.005693,0.029357,0.116685,0.360948,0.586644,0.131048,0.625273,
0.293478,1.0,1.0,1.0,1.0
0.002971,0.024534,0.116745,0.343770,0.647372,-0.460259,1.301014,
1.0,1.0
*17,40
6,4,0,0
0,R70,R70,1
6,3,1,1,1,1
105819.0,15872.0,3619.7,1030.8,339.91,124.538,124.538,49.514,20.806,
6.5835,2.5647,0.5598,0.1833
6,1,1,1
589.78,139.85,45.141,16.873,6.7411,2.7715,1.0239,0.3814,0.1094
0.000738,0.005718,0.029495,0.117241,0.363173,0.583958,0.134174,0.624271,
0.291735,1.0,1.0,1.0,1.0
0.003000,0.023296,0.102330,0.279094,0.448283,0.331500,1.0,1.0,1.0
*17,43
6,5,0,0
1,R56,R56,3
C45
5,3,1,1,2,1
106316.0,15954.5,3642.53,1038.38,342.672,125.679,50.0743,21.1434,
6.46612,2.55980,0.558080,0.227308,0.100100
4,2,1,2,1
590.716,140.933,45.0786,16.7360,6.67109,2.75093,0.948257,
0.364783,0.138028,0.049500
-0.001554,-0.012018,-0.061823,-0.245455,-0.755006,0.376265,0.470094,
0.224401,1.0,1.0,0.535359,0.500498,1.0
0.007893,0.061472,0.274731,0.749412,0.606694,0.449393,1.0,
0.653343,0.411022,1.0
1,R56
C45
6,5,0,0
6,2,1,1,2,1
0.000617,0.004772,0.024552,0.097458,0.299865,0.663164,0.696446,
0.332428,1.0,1.0,0.525003,0.510890,1.0
4,2,1,2,1
0.007893,0.061543,0.274800,0.749316,0.606950,0.449128,1.0,
0.653196,0.411178,1.0
1,R56
C45
6,4,0,0
6,2,1,1,2,1
0.000617,0.004772,0.024552,0.097458,0.299867,0.663162,0.696446,
0.332428,1.0,1.0,0.525003,0.510890,1.0
4,2,2,2
0.007893,0.061543,0.274800,0.749316,0.606950,0.449128,0.398135,
0.663471,0.945502,0.072981
*17,43
6,5,0,0
0,R70,R70,1
6,3,1,1,1,1
105818.8,15872.0,3619.7,1030.8,339.91,124.538,124.538,49.514,20.806,
6.4648,2.5254,0.5378,0.1935
5,2,1,1,1
589.78,139.85,44.795,16.612,6.5995,6.5995,2.7141,0.9528,0.3580,0.1250
0.000743,0.005753,0.029676,0.118010,0.365230,0.581221,0.137548,0.622881,
0.290143,1.0,1.0,1.0,1.0
0.002760,0.021536,0.095916,0.262315,0.7268211,-1.564924,1.495778,1.0,
1.0,1.0
*17,43
6,5,0,0
0,R70,R70,1
6,3,1,1,1,1
105819.0,15872.0,3619.7,1030.8,339.91,124.538,124.538,49.514,20.806,
6.5835,2.5647,0.5598,0.1833
5,2,1,1,1
589.78,139.85,45.141,16.873,6.7411,6.7411,2.7715,1.0239,0.3814,0.1094
0.000738,0.005718,0.029495,0.117286,0.362949,0.584149,0.134177,0.624250,
0.291756,1.0,1.0,1.0,1.0
0.002391,0.018504,0.081377,0.221552,0.772569,-1.572244,0.992389,1.0,1.0,
1.0
*17,44
4,3,0,0
0,R25,R25,1
4,4,3,3
0.70236440E+5,0.11573612E+5,0.28527320E+4,0.81386606E+3,0.25641384E+3,
0.91287482E+2,0.35970243E+2,0.14583405E+2,0.48052807E+2,0.56024730E+1,
0.21212243E+1,0.30341933E+1,0.48384813E+0,0.17368765E+0
4,3,3
0.10241871E+4,0.18310028E+3,0.53427622E+2,0.19963557E+2,0.83929265E+1,
0.34705381E+1,0.13527665E+1,0.12559463E+1,0.43115173E+0,0.13663674E+0
0.62908314E-2,0.41235724E-1,0.19880413E+0,0.82107806E+0,0.21367337E+0,
0.41426197E+0,0.38466403E+0,0.94516075E-1,-0.85387313E-1,0.62103391E+0,
0.45182201E+0,-0.14869843E+0,0.68210024E+0,0.42838333E+0
0.48251393E-2,0.56692322E-1,0.28024619E+0,0.74853695E+0,0.48553239E+0,
0.49008425E+0,0.11821559E+0,0.20657694E+0,0.57367571E+0,0.36643511E+0
*17,47
11,9,0,0
0,R72,R72,1
4,1,1,1,1,1,1,1,1,1,1
105747.0,15855.3,3615.32,1030.03,339.691,124.497,49.5143,20.8138,
6.4650,2.5257,0.9840,0.3850,0.1500,0.0590
3,1,1,1,1,1,1,1,1
587.622,139.745,44.790,16.5885,6.6008,2.8000,1.1200,0.4700,
0.1960,0.0820,0.0340
0.00300,0.02360,0.12200,0.48440,1.0,1.0,1.0,1.0,1.0,1.0,1.0,1.0,1.0,1.0
0.00294,0.02290,0.10216,1.0,1.0,1.0,1.0,1.0,1.0,1.0,1.0
*17,53
4,3,0,0
1,R15,R15,1
C6
4,4,5,4
116150.0,11252.0,2855.00,817.628,257.109,91.1879,35.3878,13.7353,
42.798390,6.6363109,3.0977092,1.5811306,0.69251250,2.7852485,0.56534524,
0.25165314,0.12207682
4,4,4
1076.70,186.524,55.5482,20.2427,8.39806,3.83555,1.84762,0.645282,
1.1997328,0.50491909,0.20583203,0.09295240
0.00542324,0.04460340,0.19343484,0.82393156,0.21290211,0.41803967,
0.38996950,0.08700924,-0.08498981,0.42023493,0.49558755,0.15275893,
0.01488537,-0.14799998,0.50330425,0.48002112,0.13716690
0.00479986,0.05344699,0.26537211,0.76548278,0.46721125,0.42292531,
0.18758930,0.01752733,0.18746052,0.44463679,0.38125018,0.13252293
*17,36
1,-3,0,0
1,R37,R37,1
C19
4
3.910303D+03,5.895518D+02,1.325939D+02,3.590354D+01
4,3,1
1.477654D+02,3.450608D+01,1.028647D+01,3.311147D+00,4.280285D+00,
1.641017D+00,6.144785D-01,1.956594D-01
1.837943D-02,1.291401D-01,4.540449D-01,5.344394D-01
-2.674332D-02,-1.446912D-01,2.517036D-01,8.598204D-01,-2.703963D-01,
-3.416297D-01,1.350024D+00,1.000000D+00
2.886447D-02,1.779647D-01,4.869998D-01,4.890185D-01,-3.670289D-02,
1.918492D-01,8.643377D-01,1.000000D+00
*17,27
1,-3,0,0
2,R87,R87,1
C19,C50
3
1.37640D+03,2.07857D+02,4.51554D+01
3,2,1
6.08014D+01,1.39765D+01,3.88710D+00,1.35299D+00,5.26955D-01,
1.66714D-01
6.45827D-02,3.80363D-01,6.78190D-01
-9.87639D-02,5.11338D-02,9.91337D-01,-2.22401D-01,1.18252D+00,
1.00000D+00
1.08598D-01,4.58682D-01,6.01962D-01,2.19216D-01,8.22321D-01,
1.00000D+00
*17,42
1,-3,0,0
1,R87,R87,1
C19
6
2.51801D+04,3.78035D+03,8.60474D+02,2.42145D+02,7.73349D+01,
2.62470D+01
6,2,1
4.91765D+02,1.16984D+02,3.74153D+01,1.37834D+01,5.45215D+00,
2.22588D+00,1.35299D+00,5.26955D-01,1.66714D-01
1.83296D-03,1.40342D-02,6.90974D-02,2.37452D-01,4.83034D-01,
3.39856D-01
-2.29739D-03,-3.07137D-02,-1.12528D-01,4.50163D-02,5.89353D-01,
4.65206D-01,-2.22401D-01,1.18252D+00,1.00000D+00
3.98940D-03,3.03177D-02,1.29880D-01,3.27951D-01,4.53527D-01,
2.52154D-01,2.19216D-01,8.22321D-01,1.00000D+00
*17,27
1,-3,0,0
0,R61,R61,1
3
5.895518E+2,1.325939E+2,3.590354E+1
3,2,1
3.450608E+1,1.028647E+1,3.311147E+0,1.7726E+0,0.6437E+0,0.1965E+0
1.291401E-1,4.540449E-1,5.344394E-1
-1.446912E-1,2.517036E-1,8.598204E-1,-1.0,3.3944E+0,1.0
1.779647E-1,4.869998E-1,4.890185E-1,1.0,7.6805E+0,1.0
*17,42
1,-3,0,0
1,R95,R95,1
C57
6
2.51801D+04,3.78035D+03,8.60474D+02,2.42145D+02,7.73349D+01,
2.62470D+01
6,3,1
4.91765D+02,1.16984D+02,3.74153D+01,1.37834D+01,5.45215D+00,
2.22588D+00,3.18649D+00,1.14427D+00,4.20377D-01,1.42657D-01
1.83296D-03,1.40342D-02,6.90974D-02,2.37452D-01,4.83034D-01,
3.39856D-01
-2.29739D-03,-3.07137D-02,-1.12528D-01,4.50163D-02,5.89353D-01,
4.65206D-01,-2.51830D-01,6.15890D-02,1.06018D+00,1.0
3.98940D-03,3.03177D-02,1.29880D-01,3.27951D-01,4.53527D-01,
2.52154D-01,-1.42993D-02,3.23572D-01,7.43507D-01,1.0
*17,27
3,2,0,0
0,R96,R96,1
4,3,2
3933.95900,593.95377,134.46574,36.014945,54.082124,5.4690537,2.2047612,
0.42711768,0.15202345
4,2
134.74118,31.050769,9.2285701,2.9388546,0.77426997,0.20956838
0.0182938,0.1271767,0.4503559,0.5404361,-0.0979813,0.6078227,0.4610292,
0.7201012,0.3192423
0.0333393,0.2002516,0.5090444,0.4485645,0.4788181,0.6342001
*17,31
3,2,0,0
0,R96,R96,1
4,3,3
3956.94490,597.04304,135.00230,36.118053,54.204785,5.5388018,2.1607950,
3.3569590,0.47131854,0.17079619
4,3
135.73073,31.266981,9.2933166,2.9555541,1.0435196,0.12718497,0.37377535
0.0181683,0.1265480,0.4494831,0.5419488,-0.0984629,0.6052887,0.4663727,
0.1910550,-0.6944812,-0.4235268
0.0329938,0.1987182,0.5079065,0.4513245,0.2717692,0.3191056,0.5513821
*17,33
6,4,0,0
1,R98,R98,1
C49
5,3,1,1,1,1
40850.0,6179.0,1425.0,409.2,135.5,135.5,50.13,20.21,6.283,2.460,0.5271,
0.1884
4,2,1,1
240.8,56.56,17.85,6.350,6.350,2.403,0.6410,0.1838
0.002532,0.019207,0.095257,0.345589,0.636401,0.120956,0.648511,0.275487,
1.0,1.0,1.0,1.0
0.014595,0.099047,0.330562,0.682874,-0.561785,1.351901,1.0,1.0
                                                                   ARGON
*18,28
1,1,0,0
0,R28,0,0
10
31867.6,4780.92,1086.32,305.908,99.7541,35.2510,9.08941,3.65762,
0.808670,0.293273
6
173.059,40.0236,12.0613,3.95842,0.894152,0.248681
*18,24
3,2,0,0
1,R56,R56,1
C45
5,2,2
13920.6,2096.47,476.820,133.536,41.9069,9.01464,3.57701,0.741361,
0.285899
4,1
124.068,28.0715,8.03892,2.56012,0.434405
0.004501,0.033186,0.157331,0.418873,0.518932,0.185791,0.836248,
0.324943,0.709365
0.046206,0.268640,0.579413,0.305386,1.0
*18,27
3,2,0,0
0,R82,R82,1
3,3,3
1533.07396,231.87032,50.48390,66.95512,5.93818,2.35734,4.08599,0.55855,
0.20181
3,3
73.97547,16.60756,4.50454,11.99359,0.90133,0.24967
0.06531,0.38211,0.67603,-0.09687,0.64902,0.41715,-0.20000,0.70391,
0.41549
0.10038,0.45381,0.61517,-0.02324,0.49092,0.62216
*18,27
3,2,0,0
0,R80,R80,1
5,2,2
13920.6,2096.47,476.820,133.536,41.9069,9.01464,3.57701,0.816233,
0.281513
4,2
126.183,28.5345,8.27393,2.66372,0.805036,0.236828
0.004501,0.033183,0.157333,0.418775,0.519033,0.186748,0.835380,0.318696,
0.722790
0.045234,0.262412,0.569528,0.321168,0.559854,0.543353
*18,28
3,2,0,0
0,R82,R82,1
4,3,3
4314.36298,654.57765,149.28981,40.30755,61.18994,6.26800,2.46541,
3.95559,0.56857,0.20697
3,3
74.07406,16.62276,4.50681,11.98143,0.90145,0.24966
0.01879,0.12937,0.45184,0.53618,-0.09950,0.62033,0.45105,-0.19531,
0.69193,0.42848,
0.10024,0.45379,0.61534,-0.02324,0.49079,0.62232
*18,31
3,2,0,0
0,R82,R82,1
4,3,3
4379.83516,663.38769,150.74592,40.52929,61.25439,6.28070,2.46782,
3.95647,0.57301,0.20874
4,3
152.61138,35.31198,10.55209,3.41986,13.40059,0.91883,0.25042
0.01846,0.12767,0.45013,0.53976,-0.09961,0.61793,0.45359,-0.19594,
0.68535,0.43561
0.03368,0.20282,0.51225,0.43980,-0.01774,0.49558,0.61931
*18,36
4,2,0,0
0,R70,R70,1
6,2,2,2
118186.0,17688.8,4027.3,1144.96,376.95,138.07,54.954,23.165,7.377,
2.9237,0.6507,0.2329
6,2
702.04,161.98,49.900,17.508,6.5181,2.5390,0.7395,0.2152
0.000608,0.004698,0.024359,0.096528,0.302157,0.661874,0.701034,
0.327721,0.480551,0.557225,0.545234,0.500918
0.002777,0.023163,0.111453,0.325791,0.487669,0.245687,0.605498,
0.498213
*18,39
5,3,0,0
0,R70,R70,1
6,2,2,1,1
118186.0,17688.8,4027.3,1144.96,376.95,138.07,54.954,23.165,7.377,
2.9237,0.6507,0.2329
6,2,1
702.04,161.98,49.900,17.508,6.5181,2.5390,2.5390,0.7395,0.2152
0.000608,0.004698,0.024352,0.096544,0.301948,0.662069,0.701955,
0.326753,0.485478,0.552351,1.0,1.0
0.002757,0.023004,0.110906,0.323685,0.488450,0.247568,0.112628,
0.924288,1.0
*18,39
6,4,0,0
2,R14,R14,9
C2,C8
4,4,1,1,1,1
118186.,17688.8,4027.30,1144.96,376.954,138.070,54.9540,23.1650,7.37688,
2.92369,0.650663,0.232877
4,2,2,1
660.901,157.219,50.0639,18.6119,7.43692,3.08857,1.10267,0.414763,
0.145449
0.00030,0.00238,0.01233,0.04908,0.15104,0.33177,0.40780,0.18556,1.0,1.0,
1.0,1.0
0.00299,0.02364,0.10589,0.28567,0.44322,0.30458,0.32467,0.55074,1.0
2,R14
C2,C7,C8
6,4,0,0
6,2,1,1,1,1
0.00030,0.00238,0.01233,0.04908,0.15104,0.33177,0.40780,0.18556,1.0,1.0,
1.0,1.0
5,1,1,2
0.00299,0.02364,0.10589,0.28567,0.44322,1.0,1.0,0.55074,0.28994
2,R14
C2,C8
6,4,0,0
5,3,1,1,1,1
0.00030,0.00238,0.01233,0.04908,0.15104,0.33177,0.40780,0.18556,1.0,1.0,
1.0,1.0
4,2,2,1
0.00299,0.02364,0.10589,0.28567,0.44322,0.30458,0.32467,0.55074,1.0
2,R14
C2,C8
6,4,0,0
6,2,1,1,1,1
0.00030,0.00238,0.01233,0.04908,0.15104,0.33177,0.40780,0.18556,1.0,1.0,
1.0,1.0
4,2,2,1
0.00299,0.02364,0.10589,0.28567,0.44322,0.30458,0.32467,0.55074,1.0
2,R14
C2,C8
6,4,0,0
7,1,1,1,1,1
0.00030,0.00238,0.01233,0.04908,0.15104,0.33177,0.40780,1.0,1.0,1.0,1.0,
1.0
4,2,2,1
0.00299,0.02364,0.10589,0.28567,0.44322,0.30458,0.32467,0.55074,1.0
2,R14
C2,C8
6,4,0,0
6,2,1,1,1,1
0.00030,0.00238,0.01233,0.04908,0.15104,0.33177,0.40780,0.18556,1.0,1.0,
1.0,1.0
3,3,2,1
0.00299,0.02364,0.10589,0.28567,0.44322,0.30458,0.32467,0.55074,1.0
2,R14
C2,C8
6,4,0,0
6,2,1,1,1,1
0.00030,0.00238,0.01233,0.04908,0.15104,0.33177,0.40780,0.18556,1.0,1.0,
1.0,1.0
4,2,1,2
0.00299,0.02364,0.10589,0.28567,0.44322,0.30458,1.0,0.55074,0.28994
2,R14
C2,C8
6,4,0,0
6,2,1,1,1,1
0.00030,0.00238,0.01233,0.04908,0.15104,0.33177,0.40780,0.18556,1.0,1.0,
1.0,1.0
5,1,2,1
0.00299,0.02364,0.10589,0.28567,0.44322,1.0,0.32467,0.55074,1.0
2,R14
C2,C8
6,4,0,0
6,2,1,1,1,1
0.00030,0.00238,0.01233,0.04908,0.15104,0.33177,0.40780,0.18556,1.0,1.0,
1.0,1.0
3,3,1,2
0.00299,0.02364,0.10589,0.28567,0.44322,0.30458,1.0,0.55074,0.28994
*18,39
7,5,0,0
1,R14,R27,1
C2
5,1,2,1,1,1,1
118186.,17688.8,4027.30,1144.96,376.954,138.070,54.9540,23.1650,7.37688,
2.92369,0.650663,0.232877
5,1,1,1,1
660.901,157.219,50.0639,18.6119,3.08857,7.43692,1.10267,0.414763,
0.145449
0.00030,0.00238,0.01233,0.04908,0.15104,1.0,0.40780,0.18556,1.0,1.0,1.0,
1.0
0.00299,0.02364,0.10589,0.28567,0.30458,1.0,1.0,1.0,1.0,
*18,39
6,4,0,0
2,R14,R27,2
C2,C58
6,3,1,1,1,1
118186.,17688.8,4027.30,1144.96,376.954,138.070,138.070,54.9540,23.1650,
7.37688,2.92369,0.650663,0.232877
6,1,1,1
660.901,157.219,50.0639,18.6119,3.08857,7.43692,1.10267,0.414763,
0.145449
0.00030,0.00238,0.01233,0.04908,0.15104,0.26853,0.06324,0.40780,0.18556,
1.0,1.0,1.0,1.0
0.00299,0.02364,0.10589,0.28567,0.30458,0.44322,1.0,1.0,1.0
2,R27
C2,C58
6,5,0,0
6,3,1,1,1,1
0.00030,0.00238,0.01233,0.04908,0.15104,0.26853,0.06324,0.40780,0.18556,
1.0,1.0,1.0,1.0
5,1,1,1,1
0.00299,0.02364,0.10589,0.28567,0.30458,1.0,1.0,1.0,1.0
*18,40
6,4,0,0
0,R70,R70,1
6,3,1,1,1,1
118186.0,17688.8,4027.3,1144.96,376.95,138.07,138.07,54.954,23.165,
7.377,2.9237,0.6507,0.2329
5,2,1,1
702.04,161.98,49.900,17.508,6.5181,6.5181,2.5390,0.7395,0.2152
0.000746,0.005790,0.029929,0.119279,0.369266,0.576177,0.144372,0.622832,
0.283641,1.0,1.0,1.0,1.0
0.003062,0.025514,0.123298,0.358454,0.627346,-0.416627,1.281967,
1.0,1.0
*18,40
6,4,0,0
0,R70,R70,1
6,3,1,1,1,1
118022.4,17683.5,4027.8,1145.40,377.16,138.160,138.160,54.989,23.171,
7.3779,2.9237,0.6504,0.2328
6,1,1,1
663.06,157.09,50.231,18.635,7.4465,3.0957,1.1065,0.4156,0.1454
0.000747,0.005791,0.029916,0.119196,0.369096,0.576399,0.143918,0.622980,
0.283926,1.0,1.0,1.0,1.0
0.003042,0.023949,0.107088,0.291873,0.452621,0.308483,1.0,1.0,1.0
*18,43
6,5,0,0
0,R70,R70,1
6,3,1,1,1,1
118022.4,17683.5,4027.8,1145.40,377.16,138.160,138.60,54.989,23.171,
7.3779,2.9237,0.6504,0.2328
5,2,1,1,1
663.06,157.09,50.231,18.635,7.4465,7.4465,3.0957,1.1065,0.4156,0.1454
0.000747,0.005790,0.029919,0.119206,0.369028,0.576459,0.143927,0.622938,
0.283964,1.0,1.0,1.0,1.0
0.003082,0.024165,0.108223,0.294192,0.687862,-1.214482,1.632370,1.0,1.0,
1.0
*18,43
6,5,0,0
1,R56,R56,3
C45
5,3,1,1,2,1
118661.0,17796.3,4056.49,1154.12,380.262,139.396,55.5910,23.5465,
7.37920,2.96334,0.680030,0.267915,0.103600
4,2,1,2,1
670.494,157.859,50.4547,18.7770,7.51599,3.13524,1.10022,
0.421891,0.160024,0.063600
-0.001544,-0.011959,-0.061685,-0.245445,-0.755265,0.380544,0.469991,
0.219676,1.0,1.0,0.526607,0.511844,1.0
0.007800,0.061917,0.275733,0.748084,0.619381,0.434840,1.0,
0.666667,0.396450,1.0
1,R56
C45
6,5,0,0
6,2,1,1,2,1
0.000615,0.004761,0.024563,0.097715,0.300768,0.662205,0.700879,
0.327572,1.0,1.0,0.516668,0.521791,1.0
4,2,1,2,1
0.007799,0.061985,0.275799,0.747991,0.619641,0.434569,1.0,
0.666568,0.396564,1.0
1,R56
C45
6,4,0,0
6,2,1,1,2,1
0.000615,0.004761,0.024563,0.097715,0.300770,0.662203,0.700879,
0.327572,1.0,1.0,0.516668,0.521791,1.0
4,2,2,2
0.007799,0.061985,0.275799,0.747991,0.619641,0.434569,0.431704,
0.632237,0.949919,0.063709
*18,44
4,3,0,0
0,R25,R25,1
4,4,3,3
0.78611598E+5,0.12993543E+5,0.31983434E+4,0.91020629E+3,0.28798800E+3,
0.10279700E+3,0.40139200E+2,0.15598300E+2,0.53412806E+2,0.63895472E+1,
0.24278952E+1,0.36205433E+1,0.59070000E+0,0.21077700E+0
4,3,3
0.11298501E+4,0.20596916E+3,0.62101068E+2,0.22921868E+2,0.92623920E+1,
0.38639175E+1,0.15782276E+1,0.17114752E+1,0.57021084E+0,0.17415932E+0
0.62701592E-2,0.41023636E-1,0.19859085E+0,0.82152935E+0,0.21254172E+0,
0.41473296E+0,0.39113245E+0,0.89129103E-1,-0.84996627E-1,0.63027694E+0,
0.44267588E+0,-0.16133439E+0,0.67613919E+0,0.44084058E+0
0.50447512E-2,0.54714077E-1,0.26499317E+0,0.76368214E+0,0.51882928E+0,
0.46252980E+0,0.10747985E+0,0.17659486E+0,0.58123346E+0,0.39087084E+0
*18,53
4,3,0,0
1,R15,R15,1
C6
4,4,5,4
130000.0,13095.0,3202.50,914.001,287.988,102.797,40.1392,15.5983,
48.143667,7.4529310,3.5013102,1.6953150,0.53304642,3.0631149,0.71342004,
0.31137077,0.15380601
4,4,4
1237.25,218.249,63.2230,22.9254,9.47092,4.26463,2.06257,0.859474,
1.5418644,0.65736877,0.26783188,0.11796413
0.00509438,0.04356390,0.19492144,0.82380220,0.21254172,0.41473296,
0.39113245,0.08912810,-0.08498828,0.43901055,0.49000919,0.14886087,
0.00504634,-0.14665483,0.48904807,0.48406209,0.15481996
0.00434725,0.05154712,0.26684514,0.76604263,0.48657832,0.42953980,
0.15798810,0.01648629,0.16883989,0.43718600,0.39120125,0.14973805
*18,27
1,-3,0,0
2,R87,R87,1
C19,C50
3
1.55371D+03,2.34678D+02,5.10121D+01
3,2,1
7.00453D+01,1.61473D+01,4.53492D+00,1.54209D+00,6.07267D-01,
1.95373D-01
6.41707D-02,3.78797D-01,6.79752D-01
-9.74661D-02,3.90569D-02,9.99916D-01,-1.76866D-01,1.14690D+00,
1.00000D+00
1.07619D-01,4.59576D-01,6.00041D-01,2.55687D-01,7.89842D-01,
1.00000D+00
*18,42
1,-3,0,0
1,R87,R87,1
C19
6
2.83483D+04,4.25762D+03,9.69857D+02,2.73263D+02,8.73695D+01,
2.96867D+01
6,2,1
5.75891D+02,1.36816D+02,4.38098D+01,1.62094D+01,6.46084D+00,
2.65114D+00,1.54209D+00,6.07267D-01,1.95373D-01
1.82526D-03,1.39686D-02,6.87073D-02,2.36204D-01,4.82214D-01,
3.42043D-01
-2.15972D-03,-2.90775D-02,-1.10827D-01,2.76999D-02,5.77613D-01,
4.88688D-01,-1.76866D-01,1.14690D+00,1.00000D+00
3.80665D-03,2.92305D-02,1.26467D-01,3.23510D-01,4.54896D-01,
2.56630D-01,2.55687D-01,7.89842D-01,1.00000D+00
*18,42
1,-3,0,0
1,R95,R95,1
C57
6
2.83483D+04,4.25762D+03,9.69857D+02,2.73263D+02,8.73695D+01,
2.96867D+01
6,3,1
5.75891D+02,1.36816D+02,4.38098D+01,1.62094D+01,6.46084D+00,
2.65114D+00,3.86028D+00,1.41373D+00,5.16646D-01,1.73888D-01
1.82526D-03,1.39686D-02,6.87073D-02,2.36204D-01,4.82214D-01,
3.42043D-01
-2.15972D-03,-2.90775D-02,-1.10827D-01,2.76999D-02,5.77613D-01,
4.88688D-01,-2.55592D-01,3.78066D-02,1.08056D+00,1.0
3.80665D-03,2.92305D-02,1.26467D-01,3.23510D-01,4.54896D-01,
2.56630D-01,-1.59197D-02,3.24646D-01,7.43990D-01,1.0
