D.BASIS5                                                        RUBIDIUM
*37,57
5,3,1,0
0,R91,R91,1
3,3,3,3,3
6798.68464,1031.18763,226.72378,303.82934,28.91348,11.79429,24.98156,
4.03664,1.71074,2.87318,0.51589,0.21026,0.18298,0.03788,0.01682
3,3,3
403.69176,94.00665,27.61504,66.84737,8.61285,2.99560,5.88651,0.66752,
0.22333
3
40.74243,10.81593,3.04633
0.06267,0.37233,0.68521,-0.10710,0.71895,0.34833,-0.23841,0.79345,
0.33979,0.26899,-0.74611,-0.40879,0.16877,-0.53007,-0.58362
0.08965,0.44229,0.61885,-0.02732,0.44641,0.63608,-0.06536,0.56989,
0.52709
0.14722,0.51299,0.56918
*37,80
1,1,1,0
0,R46,0,0
17
0.43291836E+06,0.65814054E+05,0.15362042E+05,0.45069504E+04,
0.15332623E+04,0.58109596E+03,0.24021682E+03,0.10611120E+03,
0.40822353E+02,0.18695214E+02,0.78508940E+01,0.39461499E+01,
0.18440387E+01,0.69217248E+00,0.27676651E+00,0.38889846E-01,
0.19631596E-01
11
0.37723603E+04,0.89684975E+03,0.29117744E+03,0.11116646E+03,
0.46597794E+02,0.20619467E+02,0.85458034E+01,0.37278069E+01,
0.16260883E+01,0.60815371E+00,0.21125723E+00
6
0.13233258E+03,0.38801423E+02,0.14105385E+02,0.55366160E+01,
0.22396677E+01,0.85943222E+00
                                                               STRONTIUM
*38,57
5,3,1,0
0,R91,R91,1
3,3,3,3,3
7168.17620,1087.95601,239.43879,321.01596,30.61798,12.51542,26.49582,
4.33825,1.85991,3.19349,0.58231,0.24611,0.34953,0.05049,0.02089
3,3,3
428.64434,99.98830,29.44175,70.21220,9.30971,3.28131,6.37433,0.77594,
0.27408
3
44.44350,11.85644,3.38306
0.06272,0.37229,0.68512,-0.10735,0.71972,0.34754,-0.24161,0.79640,
0.33841,0.28985,-0.79667,-0.36593,0.21208,-0.71101,-0.40637
0.08930,0.44129,0.61960,-0.02748,0.44225,0.63852,-0.06882,0.58753,
0.50368
0.14569,0.51331,0.56693
*38,80
1,1,1,0
0,R46,0,0
17
0.44750377E+06,0.68033846E+05,0.15907645E+05,0.46801807E+04,
0.15961083E+04,0.60502676E+03,0.24966549E+03,0.11023712E+03,
0.42345809E+02,0.19327492E+02,0.79437522E+01,0.39979269E+01,
0.19333143E+01,0.71633472E+00,0.30581700E+00,0.54874829E-01,
0.22944347E-01
11
0.39422350E+04,0.93536132E+03,0.30360259E+03,0.11589079E+03,
0.48560293E+02,0.21499913E+02,0.89469836E+01,0.38696502E+01,
0.16177318E+01,0.64198255E+00,0.23849476E+00
6
0.13777423E+03,0.40444277E+02,0.14688086E+02,0.57521287E+01,
0.23249548E+01,0.88911055E+00
                                                                 YTTRIUM
*39,72
5,3,2,0
0,R91,R91,1
3,3,3,3,3
7646.54686,1156.48810,253.66802,339.25556,32.33314,13.19845,28.14338,
4.61767,1.98973,3.52328,0.66088,0.28219,0.43043,0.05676,0.02283
3,3,3
463.18703,107.71430,31.60437,72.11967,10.21290,3.62596,6.87643,0.89761,
0.32154
3,3
50.20651,13.48765,3.93233,1.46306,0.58114,0.20319
0.06190,0.37034,0.68762,-0.10752,0.72171,0.34561,-0.24383,0.80904,
0.32644,0.30368,-0.80432,-0.36575,0.21985,-0.71871,-0.39672
0.08668,0.43653,0.62600,-0.02784,0.42750,0.65186,-0.07092,0.58442,
0.50658
0.13739,0.50268,0.57778,0.17864,0.37061,0.62799
*39,90
1,1,1,0
1,R46,0,0
C28
17
0.46181643E+06,0.69789975E+05,0.16241098E+05,0.48096237E+04,
0.16595247E+04,0.63125883E+03,0.25898496E+03,0.11367350E+03,
0.42850652E+02,0.19348727E+02,0.73445160E+01,0.38809059E+01,
0.20210665E+01,0.75951004E+00,0.33436947E+00,0.65486956E-01,
0.26341989E-01
11
0.42116616E+04,0.98529943E+03,0.31660468E+03,0.12046893E+03,
0.50528831E+02,0.22396479E+02,0.92827223E+01,0.39927405E+01,
0.15903570E+01,0.67012472E+00,0.25610909E+00
8
0.13439603E+03,0.40181654E+02,0.15044591E+02,0.61183422E+01,
0.25544508E+01,0.94914209E+00,0.32646544E+00,0.10075175E+00
                                                               ZIRCONIUM
*40,72
5,3,2,0
0,R91,R91,1
3,3,3,3,3
8091.57553,1222.35237,267.78250,358.28747,33.99419,13.82193,29.92585,
4.86079,2.06110,3.85239,0.73421,0.31201,0.49679,0.06432,0.02540
3,3,3
490.62393,114.26076,33.58589,76.32777,10.94733,3.92986,7.41492,0.99682,
0.35952
3,3
54.74788,14.78336,4.35912,1.82597,0.62995,0.19594
0.06152,0.36930,0.68887,0.10760,-0.72755,-0.33973,-0.24448,0.83513,
0.30042,-0.31103,0.82268,0.35238,-0.21791,0.70789,0.40696
0.08625,0.43534,0.62705,-0.02817,0.42509,0.65291,-0.07757,0.60120,
0.49061
0.13473,0.50035,0.57914,0.17916,0.49025,0.53704
*40,90
1,1,1,0
1,R46,0,0
C40
17
0.47742451E+06,0.72179137E+05,0.16972038E+05,0.50459795E+04,
0.17286244E+04,0.66301410E+03,0.27452888E+03,0.11895280E+03,
0.44331005E+02,0.19458012E+02,0.64365559E+01,0.31369765E+01,
0.16769577E+01,0.75794368E+00,0.35251601E+00,0.72983731E-01,
0.28630798E-01
11
0.42711765E+04,0.10133501E+04,0.32797906E+03,0.12497249E+03,
0.52676385E+02,0.23613474E+02,0.98279363E+01,0.42470841E+01,
0.16539778E+01,0.71245766E+00,0.27571726E+00
8
0.14405409E+03,0.42117280E+02,0.15823177E+02,0.65072003E+01,
0.27336987E+01,0.97846411E+00,0.35016420E+00,0.11671223E+00
                                                                 NIOBIUM
*41,72
5,3,2,0
0,R91,R91,1
3,3,3,3,3
8462.16233,1280.70714,281.17818,375.98738,36.02687,14.76801,31.45914,
5.23758,2.28040,4.16157,0.82176,0.34317,0.57325,0.06685,0.02620
3,3,3
517.92436,120.61760,35.54645,82.65639,11.50209,4.18622,7.96180,1.12239,
0.39650
3,3
58.90744,15.97346,4.75368,2.12022,0.67706,0.18964
0.06184,0.36992,0.68793,0.10800,-0.72163,-0.34570,-0.24901,0.82425,
0.31375,0.31516,-0.80469,-0.37647,0.21915,-0.68648,-0.42232
0.08616,0.43541,0.62666,-0.02869,0.43360,0.64320,-0.07312,0.59302,
0.50174
0.13397,0.50076,0.57716,-0.18097,-0.51490,-0.53530
*41,90
1,1,1,0
1,R46,0,0
C41
17
0.50825440E+06,0.78023293E+05,0.18146384E+05,0.53125514E+04,
0.18278845E+04,0.70001725E+03,0.28882729E+03,0.12700212E+03,
0.47257989E+02,0.20900600E+02,0.69626339E+01,0.34890801E+01,
0.18735985E+01,0.83637112E+00,0.37565552E+00,0.76447546E-01,
0.30176636E-01
11
0.45591668E+04,0.10630662E+04,0.34315861E+03,0.13177572E+03,
0.55608872E+02,0.24710731E+02,0.10138062E+02,0.44546940E+01,
0.18323254E+01,0.79323856E+00,0.30345524E+00
8
0.15763758E+03,0.46377543E+02,0.17462349E+02,0.71496748E+01,
0.30246269E+01,0.11576145E+01,0.41196354E+00,0.12717608E+00
                                                              MOLYBDENUM
*42,72
5,3,2,0
0,R91,R91,1
3,3,3,3,3
8893.77639,1346.18544,295.58720,395.55716,37.85443,15.48815,33.28502,
5.53855,2.39993,4.50176,0.90160,0.37414,0.65463,0.07346,0.02841
3,3,3
545.81023,127.31995,37.59737,86.07180,12.36927,4.52531,8.72443,1.22256,
0.43315
3,3
63.62405,17.32439,5.20606,2.37857,0.76519,0.21933
0.06175,0.36953,0.68832,0.10808,-0.72372,-0.34366,-0.24963,0.83462,
0.30375,-0.32135,0.81151,0.37407,-0.21703,0.65798,0.44857
0.08602,0.43485,0.62694,-0.02824,0.42694,0.64891,-0.07894,0.60529,
0.49003
0.13217,0.49940,0.57745,-0.19386,-0.53015,-0.50456
*42,90
1,1,1,0
1,R46,0,0
C41
17
0.56481158E+06,0.84340172E+05,0.19223887E+05,0.56404270E+04,
0.19350108E+04,0.73603701E+03,0.30454661E+03,0.13449152E+03,
0.50361750E+02,0.22461279E+02,0.77112170E+01,0.39263438E+01,
0.18287531E+01,0.89138977E+00,0.39496469E+00,0.84897748E-01,
0.32362164E-01
11
0.47063308E+04,0.11042933E+04,0.36117122E+03,0.13914298E+03,
0.58356511E+02,0.25821389E+02,0.10718475E+02,0.47732916E+01,
0.20262457E+01,0.88764641E+00,0.34208279E+00
8
0.17275830E+03,0.51005487E+02,0.19267661E+02,0.79229414E+01,
0.33785846E+01,0.13293987E+01,0.49531799E+00,0.15895673E+00
                                                              TECHTETIUM
*43,72
5,3,2,0
0,R91,R91,1
3,3,3,3,3
9308.51311,1410.27943,310.00996,414.51989,39.84895,16.36004,35.18833,
5.80761,2.45072,4.88475,0.98099,0.41423,0.66696,0.08235,0.03139
3,3,3
575.73023,134.44586,39.74762,88.80042,13.26387,4.88241,9.24648,1.35111,
0.49111
3,3
68.39346,18.72078,5.68803,2.55438,0.84792,0.26692
0.06186,0.36968,0.68802,0.10837,-0.72405,-0.34331,-0.25104,0.86326,
0.27594,-0.32361,0.83276,0.35356,-0.19285,0.66652,0.44085
0.08561,0.43389,0.62785,-0.02863,0.42324,0.65198,-0.08493,0.61070,
0.48342
0.13074,0.49768,0.57761,0.22506,0.55642,0.42967
*43,90
1,1,1,0
1,R46,0,0
C40
17
0.60096867E+06,0.88600264E+05,0.20540939E+05,0.60116383E+04,
0.20423890E+04,0.77455946E+03,0.32084393E+03,0.14205931E+03,
0.54025757E+02,0.24068560E+02,0.85619192E+01,0.43922094E+01,
0.19025018E+01,0.91887545E+00,0.40621293E+00,0.94293551E-01,
0.34973571E-01
11
0.47638664E+04,0.11532828E+04,0.38159894E+03,0.14632863E+03,
0.61119775E+02,0.27090821E+02,0.11960775E+02,0.54577267E+01,
0.23746029E+01,0.10277545E+01,0.39738024E+00
8
0.18885753E+03,0.55900549E+02,0.20995532E+02,0.86920652E+01,
0.37865863E+01,0.15703613E+01,0.60884500E+00,0.20775687E+00
                                                               RUTHENIUM
*44,72
5,3,2,0
0,R91,R91,1
3,3,3,3,3
9762.42755,1478.94003,325.11374,435.79809,41.73579,17.11364,36.98192,
6.18247,2.64082,5.24896,1.06822,0.44949,0.72301,0.08878,0.03341
3,3,3
609.37087,142.18142,42.05361,94.05284,14.10237,5.23451,9.96347,1.45824,
0.53067
3,3
73.77392,20.23333,6.18422,2.82333,0.93494,0.29122
0.06176,0.36936,0.68835,0.10847,-0.72779,-0.33945,-0.25388,0.86223,
0.27857,-0.32655,0.83630,0.35297,-0.18442,0.65667,0.44896
0.08473,0.43218,0.62986,-0.02914,0.42054,0.65364,-0.09127,0.62289,
0.47227
0.12830,0.49578,0.57958,0.23423,0.55917,0.42118
*44,90
1,1,1,0
1,R46,0,0
C40
17
0.61536762E+06,0.94409177E+05,0.21987091E+05,0.63904266E+04,
0.21548015E+04,0.81570030E+03,0.33818301E+03,0.14950385E+03,
0.57491285E+02,0.25654515E+02,0.93493288E+01,0.46821127E+01,
0.18405177E+01,0.93367154E+00,0.41304787E+00,0.10127307E+00,
0.36775495E-01
11
0.49642720E+04,0.12194814E+04,0.40199193E+03,0.15322816E+03,
0.64092077E+02,0.28589423E+02,0.12658782E+02,0.57501607E+01,
0.24779020E+01,0.10817720E+01,0.42037504E+00
8
0.20611199E+03,0.61040573E+02,0.23141487E+02,0.95597344E+01,
0.40874066E+01,0.16811377E+01,0.66287326E+00,0.23028770E+00
                                                                 RHODIUM
*45,72
5,3,2,0
0,R91,R91,1
3,3,3,3,3
10168.67800,1543.46969,339.93137,455.18478,43.87346,18.02635,38.91606,
6.50293,2.73084,5.61933,1.15960,0.48773,0.76938,0.09520,0.03544
3,3,3
639.89385,149.47131,44.28510,100.06831,14.77666,5.54210,10.60883,
1.59637,0.58082
3,3
78.88641,21.71417,6.68261,3.12134,1.03115,0.31987
0.06204,0.36984,0.68759,0.10873,-0.72620,-0.34122,-0.25534,0.87730,
0.26461,-0.32787,0.83561,0.35588,-0.17330,0.64125,0.46233
0.08458,0.43174,0.63008,-0.02962,0.42683,0.64653,-0.08966,0.62097,
0.47466
0.12701,0.49472,0.57985,-0.24035,-0.56233,-0.41334
*45,90
1,1,1,0
1,R46,0,0
C40
17
0.66693846E+06,0.10166395E+06,0.23507471E+05,0.67709733E+04,
0.22741640E+04,0.86012987E+03,0.35622922E+03,0.15723074E+03,
0.60823076E+02,0.27200755E+02,0.99950277E+01,0.50587150E+01,
0.20451786E+01,0.10271646E+01,0.45378900E+00,0.10732168E+00,
0.38640044E-01
11
0.54117578E+04,0.12966564E+04,0.42090869E+03,0.16023018E+03,
0.67515001E+02,0.30400995E+02,0.13622169E+02,0.62537290E+01,
0.27461248E+01,0.11965637E+01,0.46435074E+00
8
0.22417203E+03,0.66353851E+02,0.25119330E+02,0.10373975E+02,
0.44478314E+01,0.18266017E+01,0.71420590E+00,0.24613681E+00
                                                               PALLADIUM
*46,72
5,3,2,0
0,R91,R91,1
3,3,3,3,3
10617.05300,1612.55164,355.42988,475.82299,45.95156,18.92352,40.88737,
6.84073,2.84227,6.01395,1.25526,0.52935,0.84107,0.10050,0.03716
3,3,3
670.01554,156.61377,46.49444,102.36581,15.87528,5.95619,11.32390,
1.71267,0.62412
3,3
83.87933,23.16072,7.17487,3.32885,1.09962,0.34122
0.06211,0.36989,0.68743,0.10890,-0.72719,-0.34016,-0.25686,0.88892,
0.25396,-0.32853,0.83129,0.36161,-0.17355,0.63436,0.46803
0.08469,0.43215,0.62934,-0.02932,0.41838,0.65468,-0.09817,0.62893,
0.46836
0.12643,0.49480,0.57869,-0.25612,-0.56670,-0.39447
*46,90
1,1,1,0
1,R46,0,0
C40
17
0.72204907E+06,0.10935260E+06,0.25013151E+05,0.71555559E+04,
0.23981500E+04,0.90594369E+03,0.37464803E+03,0.16514908E+03,
0.64119284E+02,0.28719757E+02,0.10579348E+02,0.54118888E+01,
0.22499606E+01,0.11164752E+01,0.48448268E+00,0.11247078E+00,
0.40067417E-01
11
0.58415992E+04,0.13698311E+04,0.43960614E+03,0.16749952E+03,
0.71086943E+02,0.32278302E+02,0.14685368E+02,0.68062951E+01,
0.30304099E+01,0.13134192E+01,0.50827979E+00
8
0.24247077E+03,0.71709317E+02,0.27050913E+02,0.11168119E+02,
0.47897946E+01,0.19901245E+01,0.77945515E+00,0.26602317E+00
                                                                  SILVER
*47,72
5,3,2,0
0,R91,R91,1
3,3,3,3,3
11132.04700,1689.14072,371.97182,498.52302,48.02736,19.69818,42.85646,
7.22675,3.00079,6.43796,1.34580,0.56674,0.89644,0.10418,0.03800
3,3,3
720.68354,164.46615,48.86936,105.52626,16.87123,6.35646,12.06102,
1.84203,0.67149
3,3
89.31070,24.73402,7.70690,3.68020,1.21609,0.37661
0.06183,0.36917,0.68831,0.10902,-0.72984,-0.33765,-0.25899,0.89260,
0.25175,-0.32866,0.83322,0.36005,-0.16527,0.64081,0.45918
0.08441,0.43135,0.63007,-0.02959,0.41462,0.65798,-0.10190,0.63204,
0.46627
0.12526,0.49381,0.57906,-0.25628,-0.56737,-0.39381
*47,90
1,1,1,0
1,R46,0,0
C40
17
0.78261555E+06,0.11669735E+06,0.26465705E+05,0.75592393E+04,
0.25313743E+04,0.95442758E+03,0.39396647E+03,0.17346788E+03,
0.67292480E+02,0.30194935E+02,0.11102996E+02,0.56412301E+01,
0.21374430E+01,0.10945265E+01,0.48011424E+00,0.11787222E+00,
0.41876163E-01
11
0.61166742E+04,0.14266642E+04,0.45834731E+03,0.17550623E+03,
0.74964904E+02,0.34255544E+02,0.15808571E+02,0.74193252E+01,
0.33942283E+01,0.14640686E+01,0.56583919E+00
8
0.26066912E+03,0.77125699E+02,0.28986678E+02,0.11892642E+02,
0.51018889E+01,0.21332702E+01,0.83680243E+00,0.28806987E+00
                                                                 CADMIUM
*48,72
5,3,2,0
0,R91,R91,1
3,3,3,3,3
11642.86600,1765.63136,388.67995,519.57443,50.34785,20.74846,44.72610,
7.70343,3.30829,6.80698,1.46122,0.61611,0.90799,0.11289,0.04094
3,3,3
741.36190,173.37779,51.42797,103.19923,18.45493,6.88682,12.71306,
1.99280,0.73043
3,3
94.99985,26.38241,8.26172,4.01795,1.33278,0.41373
0.06167,0.36871,0.68884,0.10925,-0.72686,-0.34066,-0.26259,0.87938,
0.26693,-0.33275,0.82012,0.37760,-0.14946,0.60191,0.49650
0.08334,0.42944,0.63266,-0.02984,0.39529,0.67790,-0.11088,0.62401,
0.47652
0.12393,0.49253,0.57996,-0.25796,-0.56716,-0.39167
*48,90
1,1,1,0
1,R46,0,0
C40
17
0.82286875E+06,0.12278188E+06,0.27945629E+05,0.80014452E+04,
0.26784969E+04,0.10078554E+04,0.41514674E+03,0.18280053E+03,
0.70526011E+02,0.31652817E+02,0.11429144E+02,0.58042172E+01,
0.19953012E+01,0.11255571E+01,0.55077784E+00,0.12499043E+00,
0.44466486E-01
11
0.62325108E+04,0.14725828E+04,0.47841448E+03,0.18474088E+03,
0.79325768E+02,0.36432577E+02,0.16906550E+02,0.80425951E+01,
0.37901548E+01,0.16308690E+01,0.63225261E+00
8
0.27979824E+03,0.82448338E+02,0.30946421E+02,0.12682168E+02,
0.54614053E+01,0.22604908E+01,0.88069179E+00,0.30387443E+00
                                                                  INDIUM
*49,78
10,8,4,0
0,R96,R96,1
5,2,1,1,1,1,1,1,1,1
3.786486E+05,5.552646E+04,1.225992E+04,3.392140E+03,1.108294E+03,
4.129414E+02,1.684892E+02,6.832215E+01,3.058953E+01,1.110391E+01,
5.533033E+00,1.922550E+00,8.414034E-01,1.493325E-01,5.622809E-02
4,1,1,1,1,1,1,1
2.453716E+03,5.915917E+02,1.961110E+02,7.642048E+01,3.254461E+01,
1.390927E+01,6.268686E+00,2.319845E+00,9.069481E-01,2.132030E-01,
5.943240E-02
3,1,1,1
2.119758E+02,6.147190E+01,2.168868E+01,8.109422E+00,2.394975E+00,
7.099035E-01
0.00089,0.00716,0.03788,0.14297,0.35130,0.43520,0.16684,1.0,1.0,1.0,1.0,
1.0,1.0,1.0,1.0
0.01265,0.08852,0.30123,0.48115,1.0,1.0,1.0,1.0,1.0,1.0,1.0
0.03263,0.19612,0.48149,1.0,1.0,1.0
*49,92
16,12,8,0
0,R63,R63,1
3,1,1,1,1,1,1,1,1,1,1,1,1,1,1,1
8.6415482E+05,1.2897310E+5,2.9394429E+4,8.4228567E+03,2.8175971E+03,
1.0582109E+3,4.3510738E+02,1.9124029E+02,7.3564875E+01,3.3116649E+01,
0.12150972E+02,0.61023102E+01,0.27513031E+01,0.12527203E+01,
0.53775654E+00,0.44412019E+00,0.14236976E+00,0.55443139E-01
3,1,1,1,1,1,1,1,1,1,1,1
6.3980216E+03,1.5214545E+03,4.978460E+02,1.9247901E+02,8.3433587E+01,
3.8445151E+01,1.7566057E+01,8.3683426E+00,3.9357036E+00,1.9945022E+00,
0.96097873E+00,0.44144957E+00,0.13736844E+00,0.44770523E-01
1,1,1,1,1,1,1,1
0.29501722E+03,0.88344333E+02,0.33025486E+02,0.13570621E+02,
0.59036343E+01,0.25227063E+01,0.10134848E+01,0.36362973E+00
2.1735777E-02,1.6927287E-1,8.6995167E-1,1.0,1.0,1.0,1.0,1.0,1.0,1.0,1.0,
1.0,1.0,1.0,1.0,1.0,1.0,1.0
2.2030572E-02,1.8071954E-1,8.6056923E-1,1.0,1.0,1.0,1.0,1.0,1.0,1.0,1.0,
1.0,1.0,1.0
1.0,1.0,1.0,1.0,1.0,1.0,1.0,1.0
                                                                     TIN
*50,78
10,8,4,0
0,R96,R96,1
5,2,1,1,1,1,1,1,1,1
4.001817E+05,5.917624E+04,1.304298E+04,3.571261E+03,1.149114E+03,
4.209907E+02,1.678755E+02,6.879421E+01,3.086467E+01,1.100424E+01,
5.488563E+00,2.054402E+00,9.083445E-01,1.874007E-01,7.145453E-02
4,1,1,1,1,1,1,1
2.531495E+03,6.088563E+02,2.010249E+02,7.794076E+01,3.292838E+01,
1.418067E+01,6.441883E+00,2.470886E+00,9.833496E-01,2.219603E-01,
7.074335E-02
3,1,1,1
2.241991E+02,6.526475E+01,2.315407E+01,8.729813E+00,2.648122E+00,
8.139446E-01
0.00087,0.00694,0.03709,0.14296,0.35793,0.44183,0.15745,1.0,1.0,1.0,1.0,
1.0,1.0,1.0,1.0
0.01290,0.09063,0.30855,0.48617,1.0,1.0,1.0,1.0,1.0,1.0,1.0
0.03222,0.19385,0.47808,1.0,1.0,1.0
*50,92
16,12,8,0
1,R63,R63,1
C42
3,1,1,1,1,1,1,1,1,1,1,1,1,1,1,1
8.9982166E+05,1.3498499E+05,3.0894687E+04,8.8845899E+03,2.9708316E+03,
1.1143989E+03,4.5749766E+02,2.0114673E+02,7.6951888E+01,3.4627033E+01,
0.12709521E+02,0.67445922E+01,0.28589584E+01,0.14649553E+01,
5.4825445E-01,4.9708680E-01,1.6120888E-01,6.8063179E-02
3,1,1,1,1,1,1,1,1,1,1,1
6.5553605E+03,1.5725554E+03,5.1887112E+02,2.0179386E+02,8.7860501E+01,
4.0765381E+01,1.8522327E+01,8.9900952E+00,4.3941855E+00,2.1610510E+00,
0.10168061E+01,0.44157981E+00,0.16505879E+00,0.58960501E-01
1,1,1,1,1,1,1,1
0.31359189E+03,0.93029929E+02,0.34699209E+02,0.14308712E+02,
0.62801124E+01,0.27769449E+01,0.11534475E+01,0.42869925E+00
2.1976686E-02,1.6987230E-1,8.6917158E-1,1.0,1.0,1.0,1.0,1.0,1.0,1.0,1.0,
1.0,1.0,1.0,1.0,1.0,1.0,1.0
2.2653608E-02,1.8277343E-1,8.5809120E-1,1.0,1.0,1.0,1.0,1.0,1.0,1.0,1.0,
1.0,1.0,1.0
1.0,1.0,1.0,1.0,1.0,1.0,1.0,1.0
*50,83
9,7,4,0
0,R76,R76,1
6,1,2,1,1,1,1,1,1
633400.0,95370.0,21770.0,6220.0,2072.0,763.8,296.2,92.73,43.27,18.42,
7.747,2.631,1.176,0.2089,0.08624
5,1,1,1,1,1,1
4918.0,1135.0,357.7,132.3,53.34,20.39,8.654,3.081,1.250,0.3678,0.09584
4,1,1,1
351.6,97.53,34.27,13.24,5.265,1.941,0.6369
0.000747,0.005742,0.029437,0.113226,0.325195,0.623984,1.0,0.275974,
0.744554,1.0,1.0,1.0,1.0,1.0,1.0
0.004612,0.038728,0.177124,0.440924,0.485196,1.0,1.0,1.0,1.0,1.0,1.0
0.016415,0.128411,0.419595,0.598178,1.0,1.0,1.0
                                                                ANTIMONY
*51,78
10,8,4,0
0,R96,R96,1
5,2,1,1,1,1,1,1,1,1
4.076285E+05,6.058190E+04,1.349108E+04,3.736175E+03,1.213206E+03,
4.478603E+02,1.809752E+02,7.297662E+01,3.274909E+01,1.167437E+01,
5.875094E+00,2.196415E+00,9.949251E-01,2.250131E-01,8.693758E-02
4,1,1,1,1,1,1,1
2.678851E+03,6.441622E+02,2.128378E+02,8.266467E+01,3.505610E+01,
1.508870E+01,6.879658E+00,2.671866E+00,1.087083E+00,2.587121E-01,
8.636777E-02
3,1,1,1
2.360103E+02,6.868590E+01,2.444573E+01,9.291424E+00,2.889613E+00,
9.157519E-01
0.00090,0.00705,0.03704,0.14091,0.35173,0.43985,0.16550,1.0,1.0,1.0,1.0,
1.0,1.0,1.0,1.0
0.01258,0.08871,0.30385,0.48447,1.0,1.0,1.0,1.0,1.0,1.0,1.0
0.03212,0.19405,0.47760,1.0,1.0,1.0
*51,92
16,12,8,0
1,R63,R63,1
C42
3,1,1,1,1,1,1,1,1,1,1,1,1,1,1,1
9.3737511E+05,1.4122076E+05,3.2433012E+04,9.3345594E+03,3.1223022E+03,
1.1697278E+03,4.7956797E+02,2.1071500E+02,8.0254076E+01,3.6187742E+01,
0.13164129E+02,0.68895312E+01,0.27977351E+01,0.14606731E+01,
0.65144492E+00,0.45793819E+00,0.18062660E+00,0.78320737E-01
3,1,1,1,1,1,1,1,1,1,1,1
6.7549329E+03,1.6298164E+03,5.4111515E+02,2.1137093E+02,9.2398824E+01,
4.3035643E+01,1.9780810E+01,9.6201993E+00,4.7016732E+00,2.3339768E+00,
0.10999764E+01,0.46236618E+00,0.18517350E+00,0.68774631E-01
1,1,1,1,1,1,1,1
0.33188981E+03,0.98366642E+02,0.36798758E+02,0.15340436E+02,
0.68381205E+01,0.30608489E+01,0.12951671E+01,0.49325484E+00
2.2175210E-02,1.7034165E-1,8.6854839E-1,1.0,1.0,1.0,1.0,1.0,1.0,1.0,1.0,
1.0,1.0,1.0,1.0,1.0,1.0,1.0
2.3122283E-02,1.8412188E-1,8.5638084E-1,1.0,1.0,1.0,1.0,1.0,1.0,1.0,1.0,
1.0,1.0,1.0
1.0,1.0,1.0,1.0,1.0,1.0,1.0,1.0
                                                               TELLURIUM
*52,78
10,8,4,0
0,R96,R96,1
5,2,1,1,1,1,1,1,1,1
4.236942E+05,6.364513E+04,1.429198E+04,3.964339E+03,1.283117E+03,
4.715704E+02,1.901900E+02,7.583686E+01,3.400821E+01,1.226479E+01,
6.186166E+00,2.347469E+00,1.081870E+00,2.675081E-01,1.037734E-01
4,1,1,1,1,1,1,1
2.798341E+03,6.731508E+02,2.225827E+02,8.657531E+01,3.679584E+01,
1.594410E+01,7.315524E+00,2.909148E+00,1.207891E+00,3.035620E-01,
9.901190E-02
3,1,1,1
2.486692E+02,7.277999E+01,2.605667E+01,9.971265E+00,3.161499E+00,
1.027585E+00
0.00089,0.00691,0.03609,0.13804,0.34900,0.44260,0.16901,1.0,1.0,1.0,1.0,
1.0,1.0,1.0,1.0
0.01252,0.08829,0.30272,0.48372,1.0,1.0,1.0,1.0,1.0,1.0,1.0
0.03175,0.19134,0.47375,1.0,1.0,1.0
*52,92
16,12,8,0
1,R63,R63,1
C42
3,1,1,1,1,1,1,1,1,1,1,1,1,1,1,1
9.7882288E+05,1.4782800E+05,3.4015467E+04,9.7989016E+03,3.2768736E+03,
1.2264017E+03,5.0227506E+02,2.2057164E+02,8.3669102E+01,3.7810205E+01,
0.13574922E+02,0.72966932E+01,0.28917326E+01,0.16043893E+01,
0.78815787E+00,0.55539135E+00,0.22125017E+00,0.91327328E-01
3,1,1,1,1,1,1,1,1,1,1,1
7.0031556E+03,1.6946925E+03,5.6480973E+02,2.2099327E+02,9.6942841E+01,
4.5224205E+01,2.1038604E+01,1.0214355E+01,4.9427469E+00,2.4813817E+00,
0.11921537E+01,0.51952313E+00,0.21679865E+00,0.80252186E-01
1,1,1,1,1,1,1,1
0.34773554E+03,0.10387251E+03,0.39238498E+02,0.16482706E+02,
0.73994044E+01,0.33493018E+01,0.14435871E+01,0.56017086E+00
2.2287185E-02,1.7060716E-1,8.6819653E-1,1.0,1.0,1.0,1.0,1.0,1.0,1.0,1.0,
1.0,1.0,1.0,1.0,1.0,1.0,1.0
2.3370475E-02,1.8405319E-1,8.5606136E-1,1.0,1.0,1.0,1.0,1.0,1.0,1.0,1.0,
1.0,1.0,1.0
1.0,1.0,1.0,1.0,1.0,1.0,1.0,1.0
                                                                  IODINE
*53,1.1,78
10,8,4,0
0,R96,R96,1
5,2,1,1,1,1,1,1,1,1
4.447525E+05,6.612700E+04,1.481506E+04,4.144949E+03,1.361160E+03,
5.084436E+02,2.095922E+02,8.195948E+01,3.680544E+01,1.349455E+01,
6.885938E+00,2.551971E+00,1.208764E+00,3.042053E-01,1.193319E-01
4,1,1,1,1,1,1,1
2.953553E+03,7.126086E+02,2.367069E+02,9.263146E+01,3.973217E+01,
1.727262E+01,7.957005E+00,3.152915E+00,1.332834E+00,3.486478E-01,
1.137951E-01
3,1,1,1
2.619543E+02,7.673426E+01,2.755051E+01,1.060556E+01,3.421713E+00,
1.137047E+00
0.00089,0.00694,0.03609,0.13568,0.33878,0.43659,0.18375,1.0,1.0,1.0,1.0,
1.0,1.0,1.0,1.0
0.01221,0.08587,0.29493,0.47849,1.0,1.0,1.0,1.0,1.0,1.0,1.0
0.03144,0.19028,0.47247,1.0,1.0,1.0
*53,2.1,92
16,12,8,0
1,R63,R63,1
C42
3,1,1,1,1,1,1,1,1,1,1,1,1,1,1,1
1.0249248E+06,1.5484313E+05,3.5646336E+04,1.0272630E+04,3.4344769E+03,
1.2844313E+03,5.2564189E+02,2.3074127E+02,8.7255217E+01,3.9494464E+01,
0.14254520E+02,0.76466089E+01,0.30500598E+01,0.17326181E+01,
0.87682364E+00,0.63499302E+00,0.25649761E+00,0.10611694E+00
3,1,1,1,1,1,1,1,1,1,1,1
7.2990410E+03,1.7678671E+03,5.9009433E+02,2.3149387E+02,1.0173176E+02,
4.7569119E+01,2.2275404E+01,1.0840897E+01,5.2379498E+00,2.5466334E+00,
0.12106848E+01,0.57440921E+00,0.24653310E+00,0.91353229E-01
1,1,1,1,1,1,1,1
0.37037639E+03,0.10971047E+03,0.41199216E+02,0.17284607E+02,
0.78154415E+01,0.37428153E+01,0.16595878E+01,0.65265908E+00
2.2309664E-02,1.7069281E-1,8.6809665E-1,1.0,1.0,1.0,1.0,1.0,1.0,1.0,1.0,
1.0,1.0,1.0,1.0,1.0,1.0,1.0
2.3438952E-02,1.8469444E-1,8.5540750E-1,1.0,1.0,1.0,1.0,1.0,1.0,1.0,1.0,
1.0,1.0,1.0
1.0,1.0,1.0,1.0,1.0,1.0,1.0,1.0
*53,3.1,73
5,4,2,0
0,R96,R96,1
4,3,2,2,2
42266.826,6368.9032,1446.3305,390.81324,582.86273,67.149142,29.525350,
57.250293,8.7070787,10.483810,1.6008452,0.25202067,0.10179444
4,2,2,2
1992.3665,468.56379,146.91838,51.246483,21.768159,8.4911166,3.2832108,
1.2925537,0.36083912,0.11611492
4,2
231.32048,67.568313,23.975172,8.7532774,4.3190775,1.3136428
0.0165616,0.1166092,0.4310917,0.5664940,-0.1139990,0.6562478,0.4150787,
0.2693426,-1.124697,-0.2990509,1.1356832,-0.7005152,-0.3311117
0.0241407,0.1643372,0.4926577,0.4788374,0.4703671,0.5930526,0.5423730,
0.5207944,0.5234426,0.5666575
0.0403619,0.2275587,0.5293632,0.4133308,0.4897892,0.6409330
*53,4.1,90
5,4,2,0
0,R96,R96,1
4,3,3,3,3
42297.957,6375.1354,1447.6218,390.94964,582.20124,67.838092,29.640666,
54.589064,10.070202,4.5676679,8.8441340,2.0968138,0.98611692,1.5207770,
0.27302449,0.10795603
4,3,3,3
1997.5692,470.17426,147.12001,51.632190,158.66544,21.085556,8.3903226,
3.5785818,1.6034530,0.70343694,0.41515416,0.17098833,0.06856211
4,3
238.44881,69.545921,24.677895,9.0881485,5.9337495,2.2186322,0.80937642
0.0165457,0.1164656,0.4309597,0.5667813,-0.1144000,0.6457644,0.4265016
-0.2773274,0.8671635,0.2890370,0.3569170,-0.8254301,-0.3901444,
0.2698431,-0.7625119,-0.3948624
0.0239358,0.1641003,0.4915455,0.4795349,-0.0253934,0.4791351,0.5879478,
0.4341764,0.5290721,0.1113815,0.3908686,0.5190582,0.1955209
0.0382347,0.2205252,0.5210939,0.4279063,0.2777183,0.5733560,0.3207317
                                                                   XENON
*54,78
10,8,4,0
0,R96,R96,1
5,2,1,1,1,1,1,1,1,1
4.556084E+05,6.750312E+04,1.529996E+04,4.368742E+03,1.461072E+03,
5.528816E+02,2.299724E+02,8.973973E+01,4.031911E+01,1.494897E+01,
7.690301E+00,2.778213E+00,1.354358E+00,3.392077E-01,1.348230E-01
4,1,1,1,1,1,1,1
3.179072E+03,7.697505E+02,2.568935E+02,1.010667E+02,4.368648E+01,
1.886867E+01,8.686564E+00,3.409581E+00,1.464918E+00,3.940213E-01,
1.298150E-01
3,1,1,1
2.754431E+02,8.073505E+01,2.905716E+01,1.124591E+01,3.683756E+00,
1.248029E+00
0.00090,0.00707,0.03585,0.13120,0.32566,0.43320,0.20140,1.0,1.0,1.0,1.0,
1.0,1.0,1.0,1.0
0.01151,0.08090,0.28100,0.47136,1.0,1.0,1.0,1.0,1.0,1.0,1.0
0.03117,0.18950,0.47162,1.0,1.0,1.0
*54,92
16,12,8,0
1,R63,R63,1
C42
3,1,1,1,1,1,1,1,1,1,1,1,1,1,1,1
1.0801735E+06,1.6283567E+05,3.7428399E+04,1.0777289E+04,3.6015753E+03,
1.3466598E+03,5.5110858E+02,2.4186480E+02,9.1325391E+01,4.1392977E+01,
0.15049722E+02,0.80944696E+01,0.31332780E+01,0.18320974E+01,
0.10295060E+01,0.65544337E+00,0.27648911E+00,0.11620919E+00
3,1,1,1,1,1,1,1,1,1,1,1
7.7226419E+03,1.8637296E+03,6.2016531E+02,2.4319877E+02,1.0694445E+02,
4.9996923E+01,2.3422783E+01,1.1476840E+01,5.6212475E+00,2.8529748E+00,
0.14113791E+01,0.65720570E+00,0.28255665E+00,0.10625728E+00
1,1,1,1,1,1,1,1
0.38695343E+03,0.11511053E+03,0.42788733E+02,0.17582628E+02,
0.76469662E+01,0.37658966E+01,0.18091726E+01,0.74649788E+00
2.2209545E-02,1.7044833E-1,8.6840841E-1,1.0,1.0,1.0,1.0,1.0,1.0,1.0,1.0,
1.0,1.0,1.0,1.0,1.0,1.0,1.0
2.3101818E-02,1.8370147E-1,8.5655754E-1,1.0,1.0,1.0,1.0,1.0,1.0,1.0,1.0,
1.0,1.0,1.0
1.0,1.0,1.0,1.0,1.0,1.0,1.0,1.0
