D.BASIS4A                                                      POTASSIUM
*19,41
1,1,0,0
0,R46,0,0
14
0.15135187E+06,0.22745913E+05,0.52271659E+04,0.15001876E+04,
0.49547034E+03,0.18090082E+03,0.71217692E+02,0.29384281E+02,
0.86992427E+01,0.34733039E+01,0.81456221E+00,0.31891509E+00,
0.35484124E-01,0.16389875E-01
9
0.86839035E+03,0.20557652E+03,0.65912329E+02,0.24598628E+02,
0.98822806E+01,0.41167514E+01,0.15560035E+01,0.61218774E+00,
0.22305303E+00
*19,27
3,2,0,0
1,R80,R80,1
C31
5,2,2
14070.3,2110.24,483.030,134.233,43.2619,9.04168,3.65796,0.757863,
0.283118
4,2
129.315,29.9746,9.21409,3.45159,1.01795,0.324746
0.005099,0.037231,0.174409,0.445378,0.473602,0.296662,0.732920,0.560684,
0.481754
0.052779,0.283326,0.536338,0.312686,0.560928,0.530482
*19,30
5,2,0,0
1,R29,R29,2
C2
6,2,2,1,1
35793.1,5582.95,1266.93,357.820,115.311,40.0442,9.39581,3.76564,
0.811518,0.320545,0.040000,0.018000
4,2
197.376,45.6830,13.9463,4.69104,1.14343,0.344210
0.00152,0.01136,0.05704,0.20106,0.44186,0.40033,0.41444,0.68408,
0.59406,0.60899,1.0,1.0
0.02729,0.17150,0.46263,0.48292,0.49820,0.63250
2,R29
C2,C7
8,4,0,0
4,2,1,1,1,1,1,1
0.00152,0.01136,0.05704,0.20106,0.44186,0.40033,1.0,1.0,1.0,1.0,1.0,1.0
3,1,1,1
0.02729,0.17150,0.46263,1.0,1.0,1.0
*19,30
4,2,0,0
0,R82,R82,1
3,3,3,3
1719.59267,259.84607,56.61061,74.93479,6.71595,2.68062,4.63287,0.71754,
0.28530,0.24456,0.03646,0.01575
3,3
85.80214,19.30666,5.28001,13.46751,1.15059,0.34456
0.06494,0.38101,0.67715,-0.09800,0.65633,0.40988,0.21433,-0.66019,
-0.46430,-0.15198,0.69152,0.40415
0.09763,0.44975,0.61915,-0.02403,0.48477,0.61746
*19,31
4,2,0,0
0,R82,R82,1
4,3,3,3
5012.79012,755.56898,170.83815,45.75608,68.48170,7.18935,2.87950,
4.55644,0.71053,0.28242,0.23945,0.03640,0.01575
3,3
85.84990,19.31809,5.28280,13.53275,1.14840,0.34398
0.01792,0.12519,0.44734,0.54501,-0.10110,0.60909,0.46209,-0.20885,
0.67474,0.44878,0.14915,-0.69701,-0.39841
0.09756,0.44968,0.61925,-0.02409,0.48570,0.61653
*19,34
4,2,0,0
0,R82,R82,1
4,3,3,3
5012.49720,755.53034,170.85707,45.75320,68.48405,7.19166,2.87354,
4.56739,0.71123,0.28239,0.23828,0.03646,0.01576
4,3
176.05906,40.87042,12.28523,4.01859,15.14810,1.16433,0.34300
0.01792,0.12517,0.44723,0.54515,-0.10116,0.60909,0.46229,-0.20912,
0.67448,0.44910,0.14941,-0.69630,-0.39957
0.03275,0.19887,0.51003,0.44382,-0.01784,0.49478,0.60921
*19,41
8,4,0,0
0,R21,R21,4
6,2,1,1,1,1,1,1
150591.0,22629.6,5223.16,1498.06,495.165,180.792,71.1940,29.3723,
8.68863,3.46382,0.811307,0.312555,0.035668,0.016517
5,1,1,2
867.259,205.254,65.8214,24.5742,9.87704,4.11693,1.55653,0.614068,
0.228735
0.00026,0.00200,0.01015,0.04043,0.12732,0.29872,0.41837,0.23705,1.0,1.0,
1.0,1.0,1.0,1.0
0.00234,0.01880,0.08668,0.25041,0.42972,1.0,1.0,0.56842,0.32743
0,R21
8,4,0,0
6,2,1,1,1,1,1,1
0.00026,0.00200,0.01015,0.04043,0.12732,0.29872,0.41837,0.23705,1.0,1.0,
1.0,1.0,1.0,1.0
4,2,1,2
0.00234,0.01880,0.08668,0.25041,0.42972,0.35117,1.0,0.56842,0.32743
1,R21
C7
8,4,0,0
6,2,1,1,1,1,1,1
0.00026,0.00200,0.01015,0.04043,0.12732,0.29872,0.41837,0.23705,1.0,1.0,
1.0,1.0,1.0,1.0
3,3,1,2
0.00234,0.01880,0.08668,0.25041,0.42972,0.35117,1.0,0.56842,0.32743
0,R56
6,3,0,0
6,2,2,2,1,1
0.000595,0.004541,0.023246,0.091652,0.292354,0.675344,0.658837,
0.373290,-0.461451,-0.575610,0.486595,0.553452,1.0,1.0
6,1,2
0.002419,0.019431,0.089547,0.258787,0.444183,0.363814,1.0,0.672231,
0.392736
                                                                 CALCIUM
*20,41
1,1,0,0
0,R46,0,0
14
0.17129715E+06,0.25997431E+05,0.59964798E+04,0.17147302E+04,
0.56365315E+03,0.20494602E+03,0.80451469E+02,0.33140917E+02,
0.98791459E+01,0.39946702E+01,0.98534273E+00,0.41161603E+00,
0.65605004E-01,0.26739917E-01
9
0.10030269E+04,0.23782390E+03,0.76569482E+02,0.28737680E+02,
0.11636875E+02,0.49032080E+01,0.19233697E+01,0.78005818E+00,
0.29376454E+00
*20,27
3,2,0,0
1,R80,R80,1
C32
5,2,2
14080.2,2152.97,483.830,135.886,44.0495,9.25277,3.76340,0.851678,
0.310135
4,2
130.098,30.2128,9.25067,3.53366,1.19821,0.409645
0.005655,0.041669,0.192435,0.467488,0.431892,0.398215,0.635793,0.663929,
0.377261
0.062283,0.320089,0.553233,0.249594,0.594705,0.486167
*20,30
5,2,0,0
1,R29,R29,2
C2
6,2,2,1,1
41913.6,6177.05,1398.88,396.028,128.244,44.7503,10.7175,4.35046,
1.03222,0.436709,0.063625,0.026995
4,2
229.840,53.7651,16.5150,5.58088,1.41714,0.447944
0.00147,0.01152,0.05723,0.20098,0.43967,0.40069,0.40268,0.68964,
0.52034,0.68702,1.0,1.0
0.02565,0.16202,0.45201,0.49482,0.49487,0.63421
1,R29
C2,C7
8,4,0,0
4,2,1,1,1,1,1,1
0.00147,0.01152,0.05723,0.20098,0.43967,0.40069,1.0,1.0,1.0,1.0,1.0,1.0
3,1,1,1
0.02565,0.16202,0.45201,1.0,1.0,1.0
*20,30
4,2,0,0
0,R82,R82,1
3,3,3,3
1913.72759,289.30205,63.08371,83.57226,7.52856,3.02334,5.33894,0.85441,
0.35650,0.43143,0.06191,0.02515
3,3
97.81065,22.09133,6.09733,15.20851,1.41369,0.44538
0.06469,0.38005,0.67806,-0.09897,0.66441,0.40161,-0.22469,0.67840,
0.44908,-0.18129,0.65521,0.45250
0.09611,0.44736,0.62073,-0.02480,0.48511,0.61054
*20,31
4,2,0,0
0,R82,R82,1
4,3,3,3
5624.94666,847.41005,191.40949,51.20373,76.78293,7.99851,3.22022,
5.25199,0.84669,0.35313,0.41390,0.06168,0.02488
3,3
97.88503,22.11151,6.10197,15.27359,1.41123,0.44474
0.01767,0.12375,0.44514,0.54845,-0.10185,0.62429,0.44651,-0.21963,
0.69358,0.43309,-0.16967,0.66700,0.43944
0.09601,0.44717,0.62097,-0.02488,0.48598,0.60965
*20,34
4,2,0,0
0,R82,R82,1
4,3,3,3
5622.34128,846.96003,191.31099,51.17270,76.52458,8.04094,3.23797,
5.26751,0.84626,0.35254,0.41520,0.06157,0.02483
4,3
202.98255,47.10648,14.18286,4.66623,17.08207,1.42216,0.44121
0.01768,0.12380,0.44524,0.54832,-0.10206,0.61867,0.45242,-0.21989,
0.69444,0.43216,-0.17025,0.66893,0.43748
0.03153,0.19460,0.50873,0.44796,-0.01837,0.49898,0.59816
*20,41
8,4,0,0
0,R21,R21,4
6,2,1,1,1,1,1,1
171384.0,25873.0,5984.90,1712.02,563.304,204.797,80.4187,33.1145,
9.86221,3.97775,0.977055,0.396147,0.065938,0.026902
5,1,1,2
1000.67,237.310,76.4676,28.7085,11.6294,4.90273,1.92143,0.784693,
0.308996
0.00025,0.00192,0.00975,0.03915,0.12455,0.29536,0.41948,0.24271,1.0,1.0,
1.0,1.0,1.0,1.0
0.00223,0.01792,0.08284,0.24217,0.42397,1.0,1.0,0.57160,0.32820
0,R21
8,4,0,0
6,2,1,1,1,1,1,1
0.00025,0.00192,0.00975,0.03915,0.12455,0.29536,0.41948,0.24271,1.0,1.0,
1.0,1.0,1.0,1.0
4,2,1,2
0.00223,0.01792,0.08284,0.24217,0.42397,0.35857,1.0,0.57160,0.32820
1,R21
C7
8,4,0,0
6,2,1,1,1,1,1,1
0.00025,0.00192,0.00975,0.03915,0.12455,0.29536,0.41948,0.24271,1.0,1.0,
1.0,1.0,1.0,1.0
3,3,1,2
0.00223,0.01792,0.08284,0.24217,0.42397,0.35857,1.0,0.57160,0.32820
0,R56
6,3,0,0
6,2,2,2,1,1
0.000585,0.004431,0.022712,0.090192,0.290817,0.678560,0.654046,
0.378407,-0.453978,-0.582077,0.476697,0.559306,1.0,1.0
6,1,2
0.002320,0.018636,0.086131,0.251898,0.441077,0.373838,1.0,0.670511,
0.387743
                                                                SCANDIUM
*21,66
1,1,1,0
0,R46,0,0
14
0.19027034E+06,0.28613941E+05,0.65763284E+04,0.18822392E+04,
0.61879246E+03,0.22519307E+03,0.88633194E+02,0.36582578E+02,
0.11055775E+02,0.45094418E+01,0.11401467E+01,0.46956978E+00,
0.76838944E-01,0.30578949E-01
9
0.11215660E+04,0.26708172E+03,0.86610217E+02,0.32629225E+02,
0.13226649E+02,0.55847004E+01,0.21895464E+01,0.89115916E+00,
0.33677344E+00
5
0.22380294E+02,0.60329914E+01,0.19713966E+01,0.65363725E+00,
0.19125306E+00
*21,39
3,2,2,0
2,R29,R29,1
C2,C32
5,2,2
17487.1,2696.22,623.042,177.784,56.8455,13.0699,5.33459,1.31421,
0.534775
3,2
137.556,31.5338,9.06937,2.43994,0.690628
2,1
6.19207,1.47409,0.364773
0.00482,0.03510,0.15784,0.42479,0.47157,0.30782,0.75670,0.40335,0.80714
0.06752,0.34909,0.61991,0.26906,0.83892
0.14338,0.47896,1.0
*21,45
4,2,1,0
0,R64,R64,1
3,3,3,3
2114.87481,319.91174,69.84248,92.37527,8.46014,3.43450,6.08020,
1.00046,0.41736,0.50939,0.06979,0.02770
3,3
110.62051,25.04218,6.95495,17.45852,1.66033,0.52424
3
6.01687,1.42061,0.33385
0.06458,0.37953,0.67846,-0.10008,0.66168,0.40433,-0.22858,0.67060,
0.46000,-0.17275,0.64529,0.45869
0.09479,0.44591,0.62178,-0.02558,0.48755,0.60812
0.14352,0.48060,0.64277
*21,46
4,2,1,0
0,R89,R89,1
4,3,3,3
6351.66569,953.92632,214.39591,57.09795,84.48488,9.11807,3.73650,
6.01178,0.98743,0.41168,0.48844,0.06989,0.02759
3,3
110.63925,25.04654,6.95658,17.61602,1.65333,0.52233
3
5.91541,1.39945,0.32938
0.01720,0.12138,0.44257,0.55339,-0.10349,0.60461,0.46638,-0.22434,
0.68931,0.44025,-0.16131,0.65227,0.45058
0.09477,0.44594,0.62175,-0.02573,0.49007,0.60560
0.14572,0.48228,0.63980
*21,50
5,2,2,0
2,R29,R29,2
C2,C4
6,2,2,1,1
45822.6,6824.96,1539.60,433.931,140.439,49.2303,12.0090,4.92315,
1.21920,0.515736,0.076408,0.031836
4,2
259.687,60.9968,18.8155,6.40111,1.65914,0.527407
3,1
13.1089,3.16767,0.896721,0.239050
0.00147,0.01150,0.05763,0.20300,0.44087,0.39696,0.40219,0.68902,
0.50544,0.70719,1.0,1.0
0.02513,0.15943,0.44943,0.49653,0.49878,0.63185
0.05103,0.25099,0.51110,1.0
3,R29
C2,C4,C7
8,4,2,0
4,2,1,1,1,1,1,1
0.00147,0.01150,0.05763,0.20300,0.44087,0.39696,1.0,1.0,1.0,1.0,1.0,1.0
3,1,1,1
0.02513,0.15943,0.44943,1.0,1.0,1.0
3,1
0.05103,0.25099,0.51110,1.0
*21,50
4,2,1,0
0,R64,R64,1
3,3,3,3
2114.87481,319.91174,69.84248,92.37527,8.46014,3.43450,6.08020,
1.00046,0.41736,0.50939,0.06979,0.02770
3,3
110.62051,25.04218,6.95495,17.45852,1.66033,0.52424
4
11.77487,2.96147,0.85587,0.22995
0.06458,0.37953,0.67846,-0.10007,0.66159,0.40443,-0.22869,0.67090,
0.45975,-0.17255,0.65548,0.44855
0.09478,0.44588,0.62181,-0.02554,0.48766,0.60801
0.05806,0.26082,0.51141,0.48546
*21,54
4,2,1,0
0,R89,R89,1
4,3,3,3
6301.57893,946.20216,213.08479,56.88553,84.60882,9.05720,3.69065,
6.02937,0.98035,0.40764,0.49191,0.06983,0.02747
4,3
239.43133,55.29443,16.57390,5.43466,19.52532,1.66790,0.51969
4
11.56957,2.91387,0.84235,0.22647
0.01737,0.12239,0.44367,0.55126,-0.10340,0.61508,0.45607,-0.22308,
0.70087,0.42791,-0.16090,0.66617,0.43651
0.02905,0.18529,0.50471,0.46109,-0.01890,0.50154,0.59524
0.05926,0.26363,0.51110,0.48303
*21,55
5,2,2,0
2,R47,R47,3
C14,C24
6,2,2,1,1
45822.6,6824.96,1539.60,433.931,140.439,49.2303,12.0090,4.92315,
1.21920,0.515736,0.076408,0.031836
4,2
259.687,60.9968,18.8155,6.40111,1.65914,0.527407
4,1
13.1089,3.16767,0.896721,0.239050,0.0595
0.00147,0.01150,0.05763,0.20300,0.44087,0.39696,0.40219,0.68902,
0.50544,0.70719,1.0,1.0
0.02513,0.15943,0.44943,0.49653,0.49878,0.63185
0.04458,0.21928,0.44652,0.59356,1.0
2,R47
C14,C25
5,2,2,0
6,2,2,1,1
0.00147,0.01150,0.05763,0.20300,0.44087,0.39696,0.40219,0.68902,
0.50544,0.70719,1.0,1.0
4,2
0.02513,0.15943,0.44943,0.49653,0.49878,0.63185
4,1
0.04642,0.22833,0.46498,0.56803,1.0
2,R47
C14,C24
8,4,3,0
4,2,1,1,1,1,1,1
0.00147,0.01150,0.05763,0.20300,0.44087,0.39696,1.0,1.0,1.0,1.0,1.0,1.0
3,1,1,1
0.02513,0.15943,0.44943,1.0,1.0,1.0
3,1,1
0.07399,0.36391,0.74105,1.0,1.0
*21,61
8,4,2,0
1,R84,R84,1
C18
6,2,1,1,1,1,1,1
188961.0,28491.4,6572.43,1881.03,617.979,225.127,88.5664,36.5819,
11.0358,4.49063,1.12935,0.454613,0.077533,0.030790
5,1,1,2
1113.82,266.244,86.5763,32.5934,13.2190,5.58357,2.18594,0.895011,
0.351975
3,1
8.614,2.056,0.5107,0.1024
0.00025,0.00193,0.00980,0.03940,0.12532,0.29577,0.41900,0.24139,1.0,1.0,
1.0,1.0,1.0,1.0
0.00223,0.01764,0.08123,0.24040,0.42517,1.0,1.0,0.57602,0.30890
0.064005172,0.26270565,0.47539447,1.0
*21,64
4,2,1,0
2,R18,R18,1
C4,C19
6,3,3,3
17310.0,2661.0,643.9,208.4,84.25,36.24,8.895,5.001,1.664,1.089,0.6625,
0.2739,0.06276,0.03606,0.01778
5,3
313.7,73.71,23.42,8.397,3.290,2.933,1.202,0.4143
5
19.25,4.757,1.575,0.5288,0.1622
0.0045156,0.0343939,0.1383616,0.3222632,0.4049156,0.2364701,0.4252606,
0.5355183,0.0710985,0.3143642,0.5658870,0.1520780,0.5895302,0.3144161,
0.1277316
0.0189578,0.1206770,0.3751653,0.4998878,0.1774244,0.1231136,0.5661209,
0.4218156
0.0290892,0.1529286,0.3499096,0.4779806,0.3319539
*21,66
8,4,2,0
0,R21,R21,4
6,2,1,1,1,1,1,1
188961.0,28491.4,6572.43,1881.03,617.979,225.127,88.5664,36.5819,
11.0358,4.49063,1.12935,0.454613,0.077533,0.030790
5,1,1,2
1113.82,266.244,86.5763,32.5934,13.2190,5.58357,2.18594,0.895011,
0.351975
3,2
22.4283,6.03479,1.97905,0.666750,0.218231
0.00025,0.00193,0.00980,0.03940,0.12532,0.29577,0.41900,0.24139,1.0,1.0,
1.0,1.0,1.0,1.0
0.00223,0.01764,0.08123,0.24040,0.42517,1.0,1.0,0.57602,0.30890
0.02140,0.11304,0.31393,0.45818,0.41125
0,R21
8,4,2,0
6,2,1,1,1,1,1,1
0.00025,0.00193,0.00980,0.03940,0.12532,0.29577,0.41900,0.24139,1.0,1.0,
1.0,1.0,1.0,1.0
4,2,1,2
0.00223,0.01764,0.08123,0.24040,0.42517,0.35972,1.0,0.57602,0.30890
3,2
0.02140,0.11304,0.31393,0.45818,0.41125
1,R21
C7
8,4,2,0
6,2,1,1,1,1,1,1
0.00025,0.00193,0.00980,0.03940,0.12532,0.29577,0.41900,0.24139,1.0,1.0,
1.0,1.0,1.0,1.0
3,3,1,2
0.00223,0.01764,0.08123,0.24040,0.42517,0.35972,1.0,0.57602,0.30890
3,2
0.02140,0.11304,0.31393,0.45818,0.41125
0,R56
6,3,2,0
6,2,2,2,1,1
0.000583,0.004441,0.022758,0.090497,0.291703,0.677357,0.654916,
0.377285,-0.454770,-0.580642,0.486628,0.550023,1.0,1.0
6,1,2
0.002320,0.018342,0.084446,0.250007,0.442248,0.374904,1.0,0.684654,
0.372680
3,2
0.053678,0.283883,0.789964,0.590984,0.528425
*21,66
8,4,2,0
1,R84,R84,1
C18
6,2,1,1,1,1,1,1
188961.0,28491.4,6572.43,1881.03,617.979,225.127,88.5664,36.5819,
11.0358,4.49063,1.12935,0.454613,0.077533,0.030790
5,1,1,2
1113.82,266.244,86.5763,32.5934,13.2190,5.58357,2.18594,0.895011,
0.351975
4,1
15.19,3.710,1.084,0.2974,0.06936
0.00025,0.00193,0.00980,0.03940,0.12532,0.29577,0.41900,0.24139,1.0,1.0,
1.0,1.0,1.0,1.0
0.00223,0.01764,0.08123,0.24040,0.42517,1.0,1.0,0.57602,0.30890
0.028919049,0.14917407,0.33466002,0.46069743,1.0
*21,71
8,4,2,0
2,R47,R47,3
C14,C24
6,2,1,1,1,1,1,1
188961.0,28491.4,6572.43,1881.03,617.979,225.127,88.5664,36.5819,
11.0358,4.49063,1.12935,0.454613,0.077533,0.030790
5,1,1,2
1113.82,266.244,86.5763,32.5934,13.2190,5.58357,2.18594,0.895011,
0.351975
5,1
22.4283,6.03479,1.97905,0.666750,0.218231,0.0588
0.00025,0.00193,0.00980,0.03940,0.12532,0.29577,0.41900,0.24139,1.0,1.0,
1.0,1.0,1.0,1.0
0.00223,0.01764,0.08123,0.24040,0.42517,1.0,1.0,0.57602,0.30890
0.01861,0.09827,0.27294,0.39836,0.52553,1.0
2,R47
C14,C25
8,4,2,0
6,2,1,1,1,1,1,1
0.00025,0.00193,0.00980,0.03940,0.12532,0.29577,0.41900,0.24139,1.0,1.0,
1.0,1.0,1.0,1.0
5,1,1,2
0.00223,0.01764,0.08123,0.24040,0.42517,1.0,1.0,0.57602,0.30890
5,1
0.01945,0.10273,0.28530,0.41640,0.49278,1.0
2,R47
C14,C24
8,4,3,0
6,2,1,1,1,1,1,1
0.00025,0.00193,0.00980,0.03940,0.12532,0.29577,0.41900,0.24139,1.0,1.0,
1.0,1.0,1.0,1.0
4,2,1,2
0.00223,0.01764,0.08123,0.24040,0.42517,0.35972,1.0,0.57602,0.30890
4,1,1
0.02857,0.15090,0.41909,0.61166,1.0,1.0
*21,71
8,4,3,0
1,R84,R84,1
C18
6,2,1,1,1,1,1,1
188961.0,28491.4,6572.43,1881.03,617.979,225.127,88.5664,36.5819,
11.0358,4.49063,1.12935,0.454613,0.077533,0.030790
5,1,1,2
1113.82,266.244,86.5763,32.5934,13.2190,5.58357,2.18594,0.895011,
0.351975
4,1,1
23.24,6.143,2.007,0.6652,0.2021,0.05454
0.00025,0.00193,0.00980,0.03940,0.12532,0.29577,0.41900,0.24139,1.0,1.0,
1.0,1.0,1.0,1.0
0.00223,0.01764,0.08123,0.24040,0.42517,1.0,1.0,0.57602,0.30890
0.014363290,0.078068313,0.21755977,0.34979832,1.0,1.0
                                                                TITANIUM
*22,66
1,1,1,0
0,R46,0,0
14
0.20670674E+06,0.31375276E+05,0.72020484E+04,0.20480495E+04,
0.67094156E+03,0.24370872E+03,0.95958501E+02,0.39820213E+02,
0.12211714E+02,0.50124847E+01,0.12662132E+01,0.52144547E+00,
0.84100340E-01,0.32897740E-01
9
0.12694604E+04,0.30142873E+03,0.96997145E+02,0.36386278E+02,
0.14793538E+02,0.62750067E+01,0.24415943E+01,0.10248856E+01,
0.39170289E+00
5
0.25872610E+02,0.71159704E+01,0.23437418E+01,0.78559661E+00,
0.23996187E+00
*22,39
3,2,2,0
2,R29,R29,1
C2,C32
5,2,2
19809.7,3001.54,694.487,197.865,63.1946,14.7130,6.03959,1.52294,
0.610241
3,2
154.885,35.4886,10.2433,2.75855,0.787131
2,1
7.32670,1.78745,0.447528
0.00469,0.03461,0.15537,0.42244,0.47468,0.29596,0.76454,0.39725,0.81764
0.06637,0.34726,0.62127,0.27909,0.83145
0.14803,0.48532,1.0
*22,45
4,2,1,0
0,R64,R64,1
3,3,3,3
2326.48179,352.12597,76.95360,101.87725,9.39591,3.82999,6.89048,
1.14336,0.47372,0.57110,0.07704,0.03010
3,3
124.44668,28.19659,7.86568,19.76091,1.91976,0.60448
3
7.35059,1.76558,0.42499
0.06447,0.37901,0.67888,-0.10093,0.66606,0.40001,-0.22987,0.67073,
0.46135,-0.16295,0.62643,0.47453
0.09341,0.44463,0.62300,-0.02625,0.48831,0.60797
0.14569,0.48765,0.62987
*22,46
4,2,1,0
0,R89,R89,1
4,3,3,3
6957.65924,1045.88059,235.50390,62.85377,93.27974,10.09742,4.15095,
6.80939,1.12781,0.46680,0.54913,0.07693,0.02991
3,3
124.01646,28.13097,7.85617,20.00308,1.90879,0.60148
3
7.27089,1.74795,0.42123
0.01725,0.12155,0.44237,0.55319,-0.10428,0.61200,0.45909,-0.22613,
0.69050,0.44076,-0.15250,0.63595,0.46387
0.09382,0.44521,0.62206,-0.02638,0.49178,0.60448
0.14726,0.48908,0.62749
*22,50
5,2,2,0
2,R29,R29,2
C2,C4
6,2,2,1,1
48680.0,7144.04,1638.02,465.527,152.394,54.0349,13.2356,5.47417,
1.38870,0.583370,0.080663,0.032828
4,2
284.565,66.8999,20.7458,7.13330,1.87140,0.596298
3,1
13.7482,3.50857,1.04080,0.287729
0.00156,0.01212,0.05931,0.20638,0.43848,0.39326,0.40991,0.68258,
0.51778,0.70295,1.0,1.0
0.02568,0.16259,0.45281,0.48977,0.51488,0.61696
0.06175,0.27291,0.51483,1.0
3,R29
C2,C4,C7
8,4,2,0
4,2,1,1,1,1,1,1
0.00156,0.01212,0.05931,0.20638,0.43848,0.39326,1.0,1.0,1.0,1.0,1.0,1.0
3,1,1,1
0.02568,0.16259,0.45281,1.0,1.0,1.0
3,1
0.06175,0.27291,0.51483,1.0
*22,50
4,2,1,0
0,R64,R64,1
3,3,3,3
2326.48179,352.12597,76.95360,101.87725,9.39591,3.82999,6.89048,
1.14336,0.47372,0.57110,0.07704,0.03010
3,3
124.44668,28.19659,7.86568,19.76091,1.91976,0.60448
4
13.69292,3.51464,1.04153,0.28833
0.06447,0.37901,0.67888,-0.10092,0.66589,0.40017,-0.23010,0.67143,
0.46075,-0.16209,0.64469,0.45625
0.09340,0.44457,0.62307,-0.02616,0.48859,0.60769
0.06188,0.27236,0.51594,0.46042
*22,54
4,2,1,0
0,R89,R89,1
4,3,3,3
6878.30916,1035.14430,233.75774,62.57798,93.42842,10.01838,4.09094,
6.83736,1.11487,0.45976,0.55462,0.07749,0.02996
4,3
261.68259,60.68987,18.30848,6.06318,22.23974,1.91392,0.59525
4
13.69844,3.51187,1.03911,0.28709
0.01749,0.12278,0.44363,0.55062,-0.10405,0.62160,0.44963,-0.22536,
0.70431,0.42603,-0.15456,0.64855,0.45234
0.02975,0.18847,0.50773,0.45318,-0.01978,0.50772,0.58968
0.06184,0.27274,0.51596,0.46068
*22,55
5,2,2,0
2,R47,R47,3
C14,C24
6,2,2,1,1
48680.0,7144.04,1638.02,465.527,152.394,54.0349,13.2356,5.47417,
1.38870,0.583370,0.080663,0.032828
4,2
284.565,66.8999,20.7458,7.13330,1.87140,0.596298
4,1
13.7482,3.50857,1.04080,0.287729,0.0729
0.00156,0.01212,0.05931,0.20638,0.43848,0.39326,0.40991,0.68258,
0.51778,0.70295,1.0,1.0
0.02568,0.16259,0.45281,0.48977,0.51488,0.61696
0.05531,0.24446,0.46116,0.54680,1.0
2,R47
C14,C25
5,2,2,0
6,2,2,1,1
0.00156,0.01212,0.05931,0.20638,0.43848,0.39326,0.40991,0.68258,
0.51778,0.70295,1.0,1.0
4,2
0.02568,0.16259,0.45281,0.48977,0.51488,0.61696
4,1
0.05746,0.25399,0.47913,0.51936,1.0
2,R47
C14,C25
8,4,3,0
4,2,1,1,1,1,1,1
0.00156,0.01212,0.05931,0.20638,0.43848,0.39326,1.0,1.0,1.0,1.0,1.0,1.0
3,1,1,1
0.02568,0.16259,0.45281,1.0,1.0,1.0
3,1,1
0.08580,0.37922,0.71537,1.0,1.0
*22,61
8,4,2,0
1,R84,R84,1
C18
6,2,1,1,1,1,1,1
206082.0,31226.8,7199.32,2048.75,670.790,243.650,95.9250,39.8101,
12.2205,5.00882,1.28569,0.512806,0.085576,0.033302
5,1,1,2
1264.70,301.230,96.9777,36.3727,14.7814,6.27465,2.47878,1.01618,
0.398162
3,1
9.810,2.433,0.6451,0.1407
0.00025,0.00193,0.00988,0.03994,0.12737,0.29981,0.41825,0.23582,1.0,1.0,
1.0,1.0,1.0,1.0
0.00214,0.01725,0.08117,0.24143,0.42631,1.0,1.0,0.57709,0.29986
0.076619912,0.29447894,0.48929613,1.0
*22,64
4,2,1,0
2,R18,R18,1
C4,C19
6,3,3,3
19770.0,2993.0,718.4,230.1,91.26,39.19,9.927,5.467,1.821,1.303,0.7278,
0.2860,0.07158,0.03948,0.01730
5,3
347.6,81.43,25.80,9.318,3.705,3.437,1.389,0.4743
5
22.38,5.716,1.887,0.6401,0.1998
0.0044414,0.0335594,0.1369509,0.3265434,0.4109622,0.2288336,0.4328731,
0.5316104,0.0679556,0.3223299,0.5785209,0.1355453,0.5661551,0.3504167,
0.1203632
0.0193474,0.1241461,0.3782674,0.4979537,0.1709373,0.1269842,0.5703451,
0.4159686
0.0303775,0.1595824,0.3681559,0.4717342,0.3080635
*22,66
8,4,2,0
0,R21,R21,4
6,2,1,1,1,1,1,1
206082.0,31226.8,7199.32,2048.75,670.790,243.650,95.9250,39.8101,
12.2205,5.00882,1.28569,0.512806,0.085576,0.033302
5,1,1,2
1264.70,301.230,96.9777,36.3727,14.7814,6.27465,2.47878,1.01618,
0.398162
3,2
25.9924,7.08634,2.34871,0.800198,0.262049
0.00025,0.00193,0.00988,0.03994,0.12737,0.29981,0.41825,0.23582,1.0,1.0,
1.0,1.0,1.0,1.0
0.00214,0.01725,0.08117,0.24143,0.42631,1.0,1.0,0.57709,0.29986
0.02253,0.11961,0.32700,0.46626,0.38132
0,R21
8,4,2,0
6,2,1,1,1,1,1,1
0.00025,0.00193,0.00988,0.03994,0.12737,0.29981,0.41825,0.23582,1.0,1.0,
1.0,1.0,1.0,1.0
4,2,1,2
0.00214,0.01725,0.08117,0.24143,0.42631,0.35714,1.0,0.57709,0.29986
3,2
0.02253,0.11961,0.32700,0.46626,0.38132
1,R21
C7
8,4,2,0
6,2,1,1,1,1,1,1
0.00025,0.00193,0.00988,0.03994,0.12737,0.29981,0.41825,0.23582,1.0,1.0,
1.0,1.0,1.0,1.0
3,3,1,2
0.00214,0.01725,0.08117,0.24143,0.42631,0.35714,1.0,0.57709,0.29986
3,2
0.02253,0.11961,0.32700,0.46626,0.38132
0,R56
6,3,2,0
6,2,2,2,1,1
0.000579,0.004381,0.022595,0.090493,0.292182,0.677336,0.659722,
0.371956,-0.460805,-0.574173,0.495538,0.541887,1.0,1.0
6,1,2
0.002224,0.017937,0.084381,0.251038,0.443361,0.372084,1.0,0.690726,
0.366544
3,2
0.054001,0.286891,0.785826,0.615578,0.502732
*22,66
8,4,2,0
1,R84,R84,1
C18
6,2,1,1,1,1,1,1
206082.0,31226.8,7199.32,2048.75,670.790,243.650,95.9250,39.8101,
12.2205,5.00882,1.28569,0.512806,0.085576,0.033302
5,1,1,2
1264.70,301.230,96.9777,36.3727,14.7814,6.27465,2.47878,1.01618,
0.398162
4,1
20.73,5.090,1.545,0.4585,0.1102
0.00025,0.00193,0.00988,0.03994,0.12737,0.29981,0.41825,0.23582,1.0,1.0,
1.0,1.0,1.0,1.0
0.00214,0.01725,0.08117,0.24143,0.42631,1.0,1.0,0.57709,0.29986
0.026651749,0.14686422,0.34039276,0.45680498,1.0
*22,71
8,4,2,0
2,R47,R47,3
C14,C24
6,2,1,1,1,1,1,1
206082.0,31226.8,7199.32,2048.75,670.790,243.650,95.9250,39.8101,
12.2205,5.00882,1.28569,0.512806,0.085576,0.033302
5,1,1,2
1264.70,301.230,96.9777,36.3727,14.7814,6.27465,2.47878,1.01618,
0.398162
5,1
25.9924,7.08634,2.34871,0.800198,0.262049,0.0720
0.00025,0.00193,0.00988,0.03994,0.12737,0.29981,0.41825,0.23582,1.0,1.0,
1.0,1.0,1.0,1.0
0.00214,0.01725,0.08117,0.24143,0.42631,1.0,1.0,0.57709,0.29986
0.02013,0.10686,0.29215,0.41656,0.48245,1.0
2,R47
C14,C25
8,4,2,0
6,2,1,1,1,1,1,1
0.00025,0.00193,0.00988,0.03994,0.12737,0.29981,0.41825,0.23582,1.0,1.0,
1.0,1.0,1.0,1.0
5,1,1,2
0.00214,0.01725,0.08117,0.24143,0.42631,1.0,1.0,0.57709,0.29986
5,1
0.02095,0.11123,0.30408,0.43357,0.44929,1.0
2,R47
C14,C24
8,4,3,0
6,2,1,1,1,1,1,1
0.00025,0.00193,0.00988,0.03994,0.12737,0.29981,0.41825,0.23582,1.0,1.0,
1.0,1.0,1.0,1.0
4,2,1,2
0.00214,0.01725,0.08117,0.24143,0.42631,0.35714,1.0,0.57709,0.29986
4,1,1
0.02913,0.15466,0.42282,0.60288,1.0,1.0
*22,71
8,4,3,0
1,R84,R84,1
C18
6,2,1,1,1,1,1,1
206082.0,31226.8,7199.32,2048.75,670.790,243.650,95.9250,39.8101,
12.2205,5.00882,1.28569,0.512806,0.085576,0.033302
5,1,1,2
1264.70,301.230,96.9777,36.3727,14.7814,6.27465,2.47878,1.01618,
0.398162
4,1,1
28.11,7.630,2.528,0.8543,0.2673,0.0743
0.00025,0.00193,0.00988,0.03994,0.12737,0.29981,0.41825,0.23582,1.0,1.0,
1.0,1.0,1.0,1.0
0.00214,0.01725,0.08117,0.24143,0.42631,1.0,1.0,0.57709,0.29986
0.015314842,0.084026955,0.23829745,0.37744497,1.0,1.0
                                                                VANADIUM
*23,66
1,1,1,0
0,R46,0,0
14
0.22609002E+06,0.33904476E+05,0.77196229E+04,0.21922469E+04,
0.71936641E+03,0.26218948E+03,0.10369531E+03,0.43261270E+02,
0.13492126E+02,0.55694430E+01,0.14298222E+01,0.58406909E+00,
0.91315980E-01,0.35126260E-01
9
0.13973341E+04,0.33167812E+03,0.10707550E+03,0.40335353E+02,
0.16475890E+02,0.70235158E+01,0.27552877E+01,0.11546074E+01,
0.44053845E+00
5
0.29982307E+02,0.83003323E+01,0.27406918E+01,0.95483273E+00,
0.29003310E+00
*23,39
3,2,2,0
2,R29,R29,1
C2,C32
5,2,2
21477.0,3269.53,755.634,215.795,69.1219,15.9141,6.62739,1.65690,
0.667203
3,2
172.998,39.6735,11.4782,3.09164,0.886824
2,1
8.60073,2.11541,0.526129
0.00472,0.03478,0.15626,0.42232,0.47413,0.31035,0.75442,0.44213,0.78022
0.06541,0.34565,0.62279,0.28843,0.82454
0.14972,0.49012,1.0
*23,45
4,2,1,0
0,R64,R64,1
3,3,3,3
2563.30246,387.47532,84.59907,112.50000,10.26300,4.14904,7.82410,
1.25371,0.50926,0.63409,0.08300,0.03193
3,3
137.58685,31.29387,8.79215,22.82213,2.16905,0.68173
3
8.38185,2.04184,0.49735
0.06397,0.37764,0.68047,-0.10138,0.68460,0.38150,-0.22766,0.70632,
0.42449,-0.15403,0.62550,0.47242
0.09346,0.44522,0.62128,-0.02698,0.49560,0.60126
0.15310,0.49651,0.61475
*23,46
4,2,1,0
0,R89,R89,1
4,3,3,3
7597.76489,1142.99042,257.75946,68.91322,102.53620,11.12790,4.58930,
7.70728,1.25198,0.51082,0.60867,0.08327,0.03184
3,3
137.47917,31.27859,8.78941,22.75282,2.16910,0.68170
3
8.37637,2.04032,0.49680
0.01729,0.12161,0.44208,0.55321,-0.10499,0.61842,0.45273,-0.22598,
0.71104,0.42001,-0.14454,0.62951,0.46773
0.09355,0.44542,0.62101,-0.02698,0.49568,0.60120
0.15306,0.49643,0.61492
*23,50
5,2,2,0
2,R29,R29,2
C2,C4
6,2,2,1,1
50281.3,7424.64,1716.55,492.456,163.130,58.2952,14.8239,6.09769,
1.57364,0.650938,0.088861,0.035435
4,2
311.142,73.2585,22.8156,7.91458,2.10690,0.674850
3,1
15.918324,14158,1.23818,0.343496
0.00167,0.01284,0.06201,0.21113,0.43933,0.38528,0.40817,0.68804,
0.52716,0.70088,1.0,1.0
0.02609,0.16498,0.45557,0.48402,0.52186,0.61010
0.06286,0.27687,0.51745,1.0
3,R29
C2,C4,C7
8,4,2,0
4,2,1,1,1,1,1,1
0.00167,0.01284,0.06201,0.21113,0.43933,0.38528,1.0,1.0,1.0,1.0,1.0,1.0
3,1,1,1
0.02609,0.16498,0.45557,1.0,1.0,1.0
3,1
0.06286,0.27687,0.51745,1.0
*23,50
4,2,1,0
0,R64,R64,1
3,3,3,3
2563.30246,387.47532,84.59907,112.50000,10.26300,4.14904,7.82410,
1.25371,0.50926,0.63409,0.08300,0.03193
3,3
137.58685,31.29387,8.79215,22.82213,2.16905,0.68173
4
15.97822,4.14307,1.23919,0.34461
0.06397,0.37764,0.68047,-0.10136,0.68429,0.38181,-0.27782,0.70646,
0.42440,-0.15306,0.64710,0.45072
0.09345,0.44514,0.62138,-0.02685,0.49556,0.60127
0.06290,0.27705,0.51773,0.45169
*23,54
4,2,1,0
0,R89,R89,1
4,3,3,3
7538.50148,1134.73776,256.39486,68.69291,102.70394,11.05970,4.53443,
7.71280,1.24857,0.50982,0.61771,0.08441,0.03210
4,3
293.05988,67.96779,20.52353,6.81398,25.00415,2.18110,0.67669
4
16.00851,4.14854,1.23972,0.34410
0.01745,0.12248,0.44299,0.55138,-0.10485,0.62650,0.44479,-0.22567,
0.71482,0.41588,-0.14698,0.64017,0.45833
0.02913,0.18637,0.50768,0.45457,-0.02030,0.50948,0.58843
0.06267,0.27667,0.51736,0.45302
*23,55
5,2,2,0
2,R47,R47,3
C14,C24
6,2,2,1,1
50281.3,7424.64,1716.55,492.456,163.130,58.2952,14.8239,6.09769,
1.57364,0.650938,0.088861,0.035435
4,2
311.142,73.2585,22.8156,7.91458,2.10690,0.674850
4,1
15.918324,14158,1.23818,0.343496,0.0885
0.00167,0.01284,0.06201,0.21113,0.43933,0.38528,0.40817,0.68804,
0.52716,0.70088,1.0,1.0
0.02609,0.16498,0.45557,0.48402,0.52186,0.61010
0.05764,0.25390,0.47451,0.52273,1.0
2,R47
C14,C25
5,2,2,0
6,2,2,1,1
0.00167,0.01284,0.06201,0.21113,0.43933,0.38528,0.40817,0.68804,
0.52716,0.70088,1.0,1.0
4,2
0.02609,0.16498,0.45557,0.48402,0.52186,0.61010
4,1
0.05967,0.26285,0.49125,0.49621,1.0
2,R47
C14,C24
8,4,3,0
4,2,1,1,1,1,1,1
0.00167,0.01284,0.06201,0.21113,0.43933,0.38528,1.0,1.0,1.0,1.0,1.0,1.0
3,1,1,1
0.02609,0.16498,0.45557,1.0,1.0,1.0
3,1,1
0.08649,0.38095,0.71197,1.0,1.0
*23,61
8,4,2,0
1,R84,R84,1
C18
6,2,1,1,1,1,1,1
226878.0,33899.6,7720.24,2191.53,719.169,262.086,103.653,43.2548,
13.5088,5.56715,1.45174,0.574445,0.092820,0.0355320
5,1,1,2
1398.43,331.571,107.002,40.3183,16.4635,7.02352,2.79025,1.14609,
0.447272
3,1
12.02,3.034,0.8298,0.1895
0.00025,0.00197,0.01017,0.04098,0.12980,0.30259,0.41637,0.23133,1.0,1.0,
1.0,1.0,1.0,1.0
0.00214,0.01735,0.08128,0.24130,0.42622,1.0,1.0,0.57693,0.29470
0.077404818,0.30213751,0.49618222,1.0
*23,64
4,2,1,0
2,R18,R18,1
C4,C19
6,3,3,3
22300.0,3336.0,795.8,252.8,98.67,42.29,11.03,5.969,1.990,1.516,0.7932,
0.2981,0.08040,0.04290,0.01682
5,3
380.4,88.90,28.09,10.31,4.110,3.914,1.567,0.5307
5
24.89,6.615,2.146,0.7333,0.2317
0.0043653,0.0327118,0.1354868,0.3306962,0.4168485,0.2211078,0.4404166,
0.5276176,0.0648018,0.3298567,0.5903674,0.1188280,0.5422258,0.3860743,
0.1128770
0.0196961,0.1273538,0.3824726,0.4949707,0.1640911,0.1308078,0.5743580,
0.4099676
0.0316921,0.1663746,0.3867216,0.4658969,0.2844402
*23,66
8,4,2,0
0,R21,R21,4
6,2,1,1,1,1,1,1
226878.0,33899.6,7720.24,2191.53,719.169,262.086,103.653,43.2548,
13.5088,5.56715,1.45174,0.574445,0.092820,0.0355320
5,1,1,2
1398.43,331.571,107.002,40.3183,16.4635,7.02352,2.79025,1.14609,
0.447272
3,2
30.2212,8.27218,2.75823,0.942137,0.305298
0.00025,0.00197,0.01017,0.04098,0.12980,0.30259,0.41637,0.23133,1.0,1.0,
1.0,1.0,1.0,1.0
0.00214,0.01735,0.08128,0.24130,0.42622,1.0,1.0,0.57693,0.29470
0.02270,0.12248,0.33286,0.46989,0.36970
0,R21
8,4,2,0
6,2,1,1,1,1,1,1
0.00025,0.00197,0.01017,0.04098,0.12980,0.30259,0.41637,0.23133,1.0,1.0,
1.0,1.0,1.0,1.0
4,2,1,2
0.00214,0.01735,0.08128,0.24130,0.42622,0.35578,1.0,0.57693,0.29470
3,2
0.02270,0.12248,0.33286,0.46989,0.36970
1,R21
C7
8,4,2,0
6,2,1,1,1,1,1,1
0.00025,0.00197,0.01017,0.04098,0.12980,0.30259,0.41637,0.23133,1.0,1.0,
1.0,1.0,1.0,1.0
3,3,1,2
0.00214,0.01735,0.08128,0.24130,0.42622,0.35578,1.0,0.57693,0.29470
3,2
0.02270,0.12248,0.33286,0.46989,0.36970
0,R56
6,3,2,0
6,2,2,2,1,1
0.000566,0.004400,0.022782,0.091759,0.290653,0.677552,0.662895,
0.368273,-0.463829,-0.570792,0.500407,0.537662,1.0,1.0
6,1,2
0.002224,0.018048,0.084511,0.250960,0.443355,0.370687,1.0,0.693563,
0.363939
3,2
0.053352,0.288042,0.784233,0.627003,0.492626
*23,66
8,4,2,0
1,R84,R84,1
C18
6,2,1,1,1,1,1,1
226878.0,33899.6,7720.24,2191.53,719.169,262.086,103.653,43.2548,
13.5088,5.56715,1.45174,0.574445,0.092820,0.0355320
5,1,1,2
1398.43,331.571,107.002,40.3183,16.4635,7.02352,2.79025,1.14609,
0.447272
4,1
21.18,5.566,1.753,0.5256,0.1336
0.00025,0.00197,0.01017,0.04098,0.12980,0.30259,0.41637,0.23133,1.0,1.0,
1.0,1.0,1.0,1.0
0.00214,0.01735,0.08128,0.24130,0.42622,1.0,1.0,0.57693,0.29470
0.033559534,0.16456749,0.36579114,0.45878260,1.0
*23,71
8,4,2,0
2,R47,R47,3
C14,C24
6,2,1,1,1,1,1,1
226878.0,33899.6,7720.24,2191.53,719.169,262.086,103.653,43.2548,
13.5088,5.56715,1.45174,0.574445,0.092820,0.0355320
5,1,1,2
1398.43,331.571,107.002,40.3183,16.4635,7.02352,2.79025,1.14609,
0.447272
5,1
30.2212,8.27218,2.75823,0.942137,0.305298,0.0820
0.00025,0.00197,0.01017,0.04098,0.12980,0.30259,0.41637,0.23133,1.0,1.0,
1.0,1.0,1.0,1.0
0.00214,0.01735,0.08128,0.24130,0.42622,1.0,1.0,0.57693,0.29470
0.02062,0.11128,0.30244,0.42694,0.45989,1.0
2,R47
C14,C25
8,4,2,0
6,2,1,1,1,1,1,1
0.00025,0.00197,0.01017,0.04098,0.12980,0.30259,0.41637,0.23133,1.0,1.0,
1.0,1.0,1.0,1.0
5,1,1,2
0.00214,0.01735,0.08128,0.24130,0.42622,1.0,1.0,0.57693,0.29470
5,1
0.02142,0.11562,0.31421,0.44356,0.42623,1.0
2,R47
C14,C24
8,4,3,0
6,2,1,1,1,1,1,1
0.00025,0.00197,0.01017,0.04098,0.12980,0.30259,0.41637,0.23133,1.0,1.0,
1.0,1.0,1.0,1.0
4,2,1,2
0.00214,0.01735,0.08128,0.24130,0.42622,0.35578,1.0,0.57693,0.29470
4,1,1
0.02895,0.15622,0.42456,0.59934,1.0,1.0
*23,71
8,4,3,0
1,R84,R84,1
C18
6,2,1,1,1,1,1,1
226878.0,33899.6,7720.24,2191.53,719.169,262.086,103.653,43.2548,
13.5088,5.56715,1.45174,0.574445,0.092820,0.0355320
5,1,1,2
1398.43,331.571,107.002,40.3183,16.4635,7.02352,2.79025,1.14609,
0.447272
4,1,1
33.36,9.331,3.158,1.113,0.3608,0.1007
0.00025,0.00197,0.01017,0.04098,0.12980,0.30259,0.41637,0.23133,1.0,1.0,
1.0,1.0,1.0,1.0
0.00214,0.01735,0.08128,0.24130,0.42622,1.0,1.0,0.57693,0.29470
0.0015397833,0.084639618,0.24000084,0.37937833,1.0,1.0
                                                                CHROMIUM
*24,66
1,1,1,0
0,R46,0,0
14
0.23594587E+06,0.35354351E+05,0.80610885E+04,0.22951750E+04,
0.75657718E+03,0.27707975E+03,0.11026601E+03,0.46355225E+02,
0.14778079E+02,0.61349959E+01,0.16065607E+01,0.65098535E+00,
0.98112987E-01,0.37192890E-01
9
0.14795757E+04,0.35167628E+03,0.11393860E+03,0.43188176E+02,
0.17793826E+02,0.76610589E+01,0.30414826E+01,0.12738908E+01,
0.48667268E+00
5
0.33999433E+02,0.94589888E+01,0.31418001E+01,0.10919556E+01,
0.33272131E+00
*24,39
3,2,2,0
2,R29,R29,1
C2,C32
5,2,2
23362.7,3532.00,813.124,232.991,74.9245,17.6791,7.35570,1.81811,
0.732528
3,2
190.658,43.7183,12.6785,3.40004,0.983839
2,1
10.0091,2.47334,0.610535
0.00474,0.03531,0.15827,0.42380,0.47051,0.30657,0.76000,0.46155,0.76295
0.06532,0.34711,0.62362,0.30235,0.81367
0.14962,0.49183,1.0
*24,45
4,2,1,0
1,R64,R64,1
C26
3,3,3,3
2793.96449,422.54871,92.36128,122.87269,11.31456,4.58764,8.73587,
1.40949,0.55433,0.76433,0.07679,0.02950
3,3
152.46658,34.69531,9.77805,25.75941,2.41101,0.73628
3
8.72914,2.09785,0.47483
0.06394,0.37746,0.68054,-0.10215,0.68581,0.38051,-0.22545,0.69123,
0.44117,-0.13772,0.52841,0.55289
0.09268,0.44520,0.62120,-0.02784,0.50254,0.59867
0.16243,0.49848,0.62222
*24,45
4,2,1,0
1,R64,R64,1
C27
3,3,3,3
2790.84036,422.30011,92.34809,122.40000,11.39000,4.65120,8.57600,
1.44640,0.59200,0.69480,0.08820,0.03348
3,3
152.49896,34.72652,9.79005,25.02400,2.45760,0.76800
3
9.69658,2.37374,0.57718
0.06401,0.37756,0.68037,-0.10255,0.67827,0.38811,-0.23254,0.68756,
0.44787,-0.13154,0.64488,0.44611
0.09261,0.44476,0.62159,-0.02791,0.50045,0.59770
0.15428,0.49889,0.61185
*24,46
4,2,1,0
0,R89,R89,1
4,3,3,3
8262.49926,1243.83866,280.88725,75.22090,112.21796,12.21035,5.03683,
8.59693,1.40026,0.55060,0.65218,0.07678,0.02903
3,3
151.96541,34.61743,9.76664,25.98617,2.40584,0.73490
3
8.69291,2.08927,0.47282
0.01733,0.12173,0.44195,0.55304,-0.10564,0.62503,0.44637,-0.22398,
0.70338,0.42946,-0.11364,0.55279,0.52897
0.09306,0.44577,0.62027,-0.02780,0.50394,0.59722
0.16302,0.49892,0.62151
*24,46
4,2,1,0
0,R89,R89,1
4,3,3,3
8262.24508,1243.87755,280.92442,75.23496,112.19579,12.21469,5.04034,
8.54195,1.42816,0.58295,0.67784,0.08859,0.03347
3,3
152.17799,34.66904,9.78286,25.34196,2.45299,0.76791
3
9.66892,2.37093,0.57838
0.01733,0.12172,0.44188,0.55310,-0.10565,0.62442,0.44697,-0.22779,
0.69085,0.44255,-0.13890,0.62773,0.46667
0.09289,0.44519,0.62089,-0.02745,0.49635,0.60125
0.15533,0.50007,0.60947
*24,50
5,2,2,0
2,R29,R29,2
C2,C4
6,2,2,1,1
55643.4,8240.33,1876.03,537.177,177.239,63.3965,16.2072,6.73669,
1.74645,0.717674,0.094109,0.036848
4,2
357.615,83.6031,25.9210,8.97595,2.41609,0.766685
3,1
18.3628,4.79639,1.44225,0.400287
0.00162,0.01268,0.06209,0.21149,0.44136,0.38312,0.41245,0.68376,
0.53963,0.69240,1.0,1.0
0.02440,0.15873,0.45090,0.49165,0.51491,0.61979
0.06341,0.27995,0.51777,1.0
3,R29
C2,C4,C7
8,4,2,0
4,2,1,1,1,1,1,1
0.00162,0.01268,0.06209,0.21149,0.44136,0.38312,1.0,1.0,1.0,1.0,1.0,1.0
3,1,1,1
0.02440,0.15873,0.45090,1.0,1.0,1.0
3,1
0.06341,0.27995,0.51777,1.0
*24,50
4,2,1,0
1,R64,R64,1
C26
3,3,3,3
2793.96449,422.54871,92.36128,122.87269,11.31456,4.58764,8.73587,
1.40949,0.55433,0.76433,0.07679,0.02950
3,3
152.46658,34.69531,9.77805,25.75941,2.41101,0.73628
4
17.23916,4.43374,1.28229,0.32461
0.06394,0.37746,0.68054,-0.10213,0.68525,0.38108,-0.22558,0.69098,
0.44145,-0.14249,0.60635,0.47775
0.09267,0.44501,0.62139,-0.02759,0.50226,0.59890
0.06463,0.28175,0.51104,0.47725
*24,50
4,2,1,0
1,R64,R64,1
C27
3,3,3,3
2790.84036,422.30011,92.34809,122.40000,11.39000,4.65120,8.57600,
1.44640,0.59200,0.69480,0.08820,0.03348
3,3
152.49896,34.72652,9.79005,25.02400,2.45760,0.76800
4
18.38354,4.80292,1.44287,0.40010
0.06401,0.37756,0.68037,-0.10255,0.67827,0.38811,-0.23254,0.68756,
0.44787,-0.13154,0.64448,0.44611
0.09261,0.44476,0.62159,-0.02791,0.50045,0.59770
0.06314,0.27895,0.51786,0.44962
*24,54
4,2,1,0
0,R89,R89,1
4,3,3,3
8259.66169,1242.65581,280.62986,75.16762,112.31259,12.16673,4.99791,
8.61352,1.39148,0.54903,0.67041,0.07860,0.02944
4,3
326.34485,75.71993,22.86154,7.59831,28.77843,2.42253,0.73195
4
16.96163,4.36311,1.26148,0.31945
0.01734,0.12186,0.44213,0.55274,-0.10552,0.62906,0.44245,-0.22380,
0.70870,0.42334,-0.12211,0.61508,0.47068
0.02853,0.18440,0.50804,0.45568,-0.02103,0.51611,0.58574
0.06604,0.28517,0.51091,0.47400
*24,54
4,2,1,0
0,R89,R89,1
4,3,3,3
8246.86767,1241.10241,280.40792,75.14057,112.28047,12.17839,5.00913,
8.56580,1.41753,0.57886,0.69286,0.09018,0.03381
4,3
328.45154,76.13430,22.97997,7.63504,28.09122,2.46348,0.76226
4
18.38266,4.80164,1.44312,0.40042
0.01737,0.12200,0.44223,0.55247,-0.10562,0.62946,0.44202,-0.22702,
0.70045,0.43209,-0.14145,0.64110,0.45462
0.02827,0.18318,0.50680,0.45812,-0.02129,0.50971,0.58874
0.06336,0.27996,0.51806,0.44824
*24,55
5,2,2,0
2,R47,R47,3
C14,C24
6,2,2,1,1
55643.4,8240.33,1876.03,537.177,177.239,63.3965,16.2072,6.73669,
1.74645,0.717674,0.094109,0.036848
4,2
357.615,83.6031,25.9210,8.97595,2.41609,0.766685
4,1
18.3628,4.79639,1.44225,0.400287,0.0972
0.00162,0.01268,0.06209,0.21149,0.44136,0.38312,0.41245,0.68376,
0.53963,0.69240,1.0,1.0
0.02440,0.15873,0.45090,0.49165,0.51491,0.61979
0.05922,0.26144,0.48355,0.50538,1.0
2,R47
C14,C25
5,2,2,0
6,2,2,1,1
0.00162,0.01268,0.06209,0.21149,0.44136,0.38312,0.41245,0.68376,
0.53963,0.69240,1.0,1.0
4,2
0.02440,0.15873,0.45090,0.49165,0.51491,0.61979
4,1
0.06082,0.26850,0.49661,0.48418,1.0
2,R47
C14,C24
8,4,3,0
4,2,1,1,1,1,1,1
0.00162,0.01268,0.06209,0.21149,0.44136,0.38312,1.0,1.0,1.0,1.0,1.0,1.0
3,1,1,1
0.02440,0.15873,0.45090,1.0,1.0,1.0
3,1,1
0.08680,0.38320,0.70874,1.0,1.0
*24,61
8,4,2,0
1,R84,R84,1
C18
6,2,1,1,1,1,1,1
236658.0,35364.0,8058.31,2294.23,756.118,277.000,110.179,46.3710,
14.8215,6.13262,1.62959,0.641177,0.099511,0.037588
5,1,1,2
1478.77,351.490,113.826,43.1567,17.7775,7.66128,3.07765,1.26619,
0.493534
3,1
14.07,3.587,0.9899,0.2237
0.00027,0.00208,0.01071,0.04284,0.13420,0.30798,0.41361,0.22241,1.0,1.0,
1.0,1.0,1.0,1.0
0.00228,0.01836,0.08503,0.24761,0.42718,1.0,1.0,0.57490,0.28473
0.078762825,0.30835232,0.49986191,1.0
*24,64
4,2,1,0
2,R18,R18,1
C4,C19
6,3,3,3
25240.0,3765.0,884.3,276.4,106.7,45.87,12.12,6.516,2.165,1.710,0.8677,
0.3288,0.08922,0.04685,0.01757
5,3
407.2,95.92,30.60,11.32,4.446,4.395,1.749,0.5853
5
26.21,7.087,2.334,0.7939,0.2563
0.0042818,0.0317402,0.1341461,0.3338548,0.4222306,0.2146386,0.4476305,
0.5234297,0.0615988,0.3354249,0.5986917,0.1040937,0.4788426,0.4588287,
0.1030491
0.0200665,0.1299626,0.3855644,0.4920302,0.1610382,0.1347838,0.5810312,
0.4011227
0.0366441,0.1821790,0.4014100,0.4604543,0.2537812
*24,66
8,4,2,0
0,R21,R21,4
6,2,1,1,1,1,1,1
236658.0,35364.0,8058.31,2294.23,756.118,277.000,110.179,46.3710,
14.8215,6.13262,1.62959,0.641177,0.099511,0.037588
5,1,1,2
1478.77,351.490,113.826,43.1567,17.7775,7.66128,3.07765,1.26619,
0.493534
3,2
34.0221,9.43161,3.15918,1.07995,0.346582
0.00027,0.00208,0.01071,0.04284,0.13420,0.30798,0.41361,0.22241,1.0,1.0,
1.0,1.0,1.0,1.0
0.00228,0.01836,0.08503,0.24761,0.42718,1.0,1.0,0.57490,0.28473
0.02328,0.12564,0.33897,0.47139,0.36020
0,R21
8,4,2,0
6,2,1,1,1,1,1,1
0.00027,0.00208,0.01071,0.04284,0.13420,0.30798,0.41361,0.22241,1.0,1.0,
1.0,1.0,1.0,1.0
4,2,1,2
0.00228,0.01836,0.08503,0.24761,0.42718,0.34579,1.0,0.57490,0.28473
3,2
0.02328,0.12564,0.33897,0.47139,0.36020
1,R21
C7
8,4,2,0
6,2,1,1,1,1,1,1
0.00027,0.00208,0.01071,0.04284,0.13420,0.30798,0.41361,0.22241,1.0,1.0,
1.0,1.0,1.0,1.0
3,3,1,2
0.00228,0.01836,0.08503,0.24761,0.42718,0.34579,1.0,0.57490,0.28473
3,2
0.02328,0.12564,0.33897,0.47139,0.36020
0,R56
6,3,2,0
6,2,2,2,1,1
0.000586,0.004537,0.023575,0.093466,0.296139,0.670149,0.670016,
0.360274,-0.470570,-0.563848,0.501104,0.537408,1.0,1.0
6,1,2
0.002364,0.019060,0.088239,0.256998,0.443461,0.359499,1.0,0.698035,
0.359220
3,2
0.053604,0.289441,0.782202,0.635621,0.485249
*24,66
8,4,2,0
1,R84,R84,1
C18
6,2,1,1,1,1,1,1
236658.0,35364.0,8058.31,2294.23,756.118,277.000,110.179,46.3710,
14.8215,6.13262,1.62959,0.641177,0.099511,0.037588
5,1,1,2
1478.77,351.490,113.826,43.1567,17.7775,7.66128,3.07765,1.26619,
0.493534
4,1
28.00,7.213,2.241,0.6612,0.1620
0.00027,0.00208,0.01071,0.04284,0.13420,0.30798,0.41361,0.22241,1.0,1.0,
1.0,1.0,1.0,1.0
0.00228,0.01836,0.08503,0.24761,0.42718,1.0,1.0,0.57490,0.28473
0.028227849,0.15390321,0.36845113,0.46830938,1.0
*24,71
8,4,2,0
2,R47,R47,3
C14,C24
6,2,1,1,1,1,1,1
236658.0,35364.0,8058.31,2294.23,756.118,277.000,110.179,46.3710,
14.8215,6.13262,1.62959,0.641177,0.099511,0.037588
5,1,1,2
1478.77,351.490,113.826,43.1567,17.7775,7.66128,3.07765,1.26619,
0.493534
5,1
34.0221,9.43161,3.15918,1.07995,0.346582,0.0912
0.00027,0.00208,0.01071,0.04284,0.13420,0.30798,0.41361,0.22241,1.0,1.0,
1.0,1.0,1.0,1.0
0.00228,0.01836,0.08503,0.24761,0.42718,1.0,1.0,0.57490,0.28473
0.02156,0.11634,0.31388,0.43650,0.43607,1.0
2,R47
C14,C25
8,4,2,0
6,2,1,1,1,1,1,1
0.00027,0.00208,0.01071,0.04284,0.13420,0.30798,0.41361,0.22241,1.0,1.0,
1.0,1.0,1.0,1.0
5,1,1,2
0.00228,0.01836,0.08503,0.24761,0.42718,1.0,1.0,0.57490,0.28473
5,1
0.02222,0.11989,0.32346,0.44983,0.40797,1.0
2,R47
C14,C24
8,4,3,0
6,2,1,1,1,1,1,1
0.00027,0.00208,0.01071,0.04284,0.13420,0.30798,0.41361,0.22241,1.0,1.0,
1.0,1.0,1.0,1.0
4,2,1,2
0.00228,0.01836,0.08503,0.24761,0.42718,0.34579,1.0,0.57490,0.28473
4,1,1
0.02936,0.15844,0.42747,0.59446,1.0,1.0
*24,71
8,4,3,0
1,R84,R84,1
C18
6,2,1,1,1,1,1,1
236658.0,35364.0,8058.31,2294.23,756.118,277.000,110.179,46.3710,
14.8215,6.13262,1.62959,0.641177,0.099511,0.037588
5,1,1,2
1478.77,351.490,113.826,43.1567,17.7775,7.66128,3.07765,1.26619,
0.493534
4,1,1
37.89,10.58,3.603,1.270,0.4118,0.1126
0.00027,0.00208,0.01071,0.04284,0.13420,0.30798,0.41361,0.22241,1.0,1.0,
1.0,1.0,1.0,1.0
0.00228,0.01836,0.08503,0.24761,0.42718,1.0,1.0,0.57490,0.28473
0.016191725,0.090071494,0.25222041,0.38798584,1.0,1.0
                                                               MANGANESE
*25,66
1,1,1,0
0,R46,0,0
14
0.23999285E+06,0.35992757E+05,0.82303409E+04,0.23548315E+04,
0.78162640E+03,0.28866994E+03,0.11575986E+03,0.49116012E+02,
0.16069266E+02,0.67052185E+01,0.17778880E+01,0.71418723E+00,
0.10488138E+00,0.39206750E-01
9
0.15084841E+04,0.35903924E+03,0.11688229E+03,0.44663193E+02,
0.18622324E+02,0.81394944E+01,0.32978049E+01,0.13853825E+01,
0.53132206E+00
5
0.37779852E+02,0.10545857E+02,0.35217835E+01,0.12241930E+01,
0.37442373E+00
*25,39
3,2,2,0
2,R29,R29,1
C2,C32
5,2,2
25500.4,3867.12,891.241,254.726,81.8517,19.3196,8.07486,2.01652,
0.804589
3,2
208.602,47.8430,13.9565,3.72356,1.08448
2,1
11.3265,2.80948,0.698108
0.00471,0.03488,0.15694,0.42297,0.47219,0.30866,0.75883,0.47429,0.75511
0.06559,0.34850,0.62321,0.31500,0.80357
0.15319,0.49679,1.0
*25,45
4,2,1,0
0,R64,R64,1
3,3,3,3
3033.75289,459.27073,100.50759,133.55106,12.46163,5.09372,9.57015,
1.61627,0.65687,0.76299,0.09375,0.03511
3,3
168.91009,38.45745,10.86468,28.03416,2.76349,0.86118
3
11.07561,2.73296,0.66880
0.06392,0.37715,0.68070,-0.10293,0.68124,0.38519,-0.23081,0.66616,
0.46863,-0.14054,0.61898,0.47410
0.09134,0.44344,0.62315,-0.02785,0.49345,0.60481
0.15649,0.50236,0.60566
*25,46
4,2,1,0
0,R89,R89,1
4,3,3,3
8956.33600,1349.10397,305.08687,81.83513,122.30933,13.35709,5.51851,
9.47237,1.59019,0.64516,0.73609,0.09398,0.03513
3,3
167.94802,38.29704,10.83783,28.29571,2.75136,0.85762
3
11.08352,2.73405,0.66870
0.01736,0.12181,0.44171,0.55299,-0.10626,0.62916,0.44241,-0.22800,
0.68803,0.44607,-0.13297,0.62206,0.47030
0.09203,0.44453,0.62149,-0.02786,0.49616,0.60210
0.15630,0.50228,0.60595
*25,50
5,2,2,0
2,R29,R29,2
C2,C4
6,2,2,1,1
60370.5,8910.51,2008.93,579.251,192.434,69.0690,17.7053,7.39915,
1.94442,0.791057,0.101306,0.039118
4,2
383.732,90.5004,28.2205,9.82707,2.64911,0.839238
3,1
21.0880,5.51882,1.66192,0.461264
0.00162,0.01284,0.06309,0.21138,0.43976,0.38319,0.41573,0.68116,
0.54551,0.69103,1.0,1.0
0.02506,0.16096,0.45387,0.48700,0.52949,0.60584
0.06333,0.28294,0.52016,1.0
3,R29
C2,C4,C7
8,4,2,0
4,2,1,1,1,1,1,1
0.00162,0.01284,0.06309,0.21138,0.43976,0.38319,1.0,1.0,1.0,1.0,1.0,1.0
3,1,1,1
0.02506,0.16096,0.45387,1.0,1.0,1.0
3,1
0.06333,0.28294,0.52016,1.0
*25,50
4,2,1,0
0,R64,R64,1
3,3,3,3
3033.75289,459.27073,100.50759,133.55106,12.46163,5.09372,9.57015,
1.61627,0.65687,0.76299,0.09375,0.03511
3,3
168.91009,38.45745,10.86468,28.03416,2.76349,0.86118
4
20.91417,5.50330,1.66386,0.46308
0.06392,0.37715,0.68070,-0.10291,0.68075,0.38568,-0.23103,0.66648,
0.46839,-0.13814,0.64954,0.44293
0.09132,0.44327,0.62333,-0.02765,0.49343,0.60479
0.06386,0.28238,0.51899,0.44330
*25,54
4,2,1,0
0,R89,R89,1
4,3,3,3
8952.97049,1349.07130,305.10198,81.82873,122.42058,13.32666,5.49330,
9.50157,1.58022,0.64232,0.76522,0.09568,0.03543
4,3
367.14467,85.22744,25.72239,8.53416,31.03165,2.76359,0.85153
4
20.91329,5.50492,1.66445,0.46258
0.01736,0.12179,0.44165,0.55308,-0.10616,0.63120,0.44040,-0.22770,
0.69368,0.43963,-0.13801,0.63778,0.45618
0.02732,0.17889,0.50478,0.46401,-0.02106,0.51018,0.58890
0.06381,0.28215,0.51856,0.44430
*25,55
5,2,2,0
2,R47,R47,3
C14,C24
6,2,2,1,1
60370.5,8910.51,2008.93,579.251,192.434,69.0690,17.7053,7.39915,
1.94442,0.791057,0.101306,0.039118
4,2
383.732,90.5004,28.2205,9.82707,2.64911,0.839238
4,1
21.0880,5.51882,1.66192,0.461264,0.1144
0.00162,0.01284,0.06309,0.21138,0.43976,0.38319,0.41573,0.68116,
0.54551,0.69103,1.0,1.0
0.02506,0.16096,0.45387,0.48700,0.52949,0.60584
0.05980,0.26717,0.49118,0.49170,1.0
2,R47
C14,C25
5,2,2,0
6,2,2,1,1
0.00162,0.01284,0.06309,0.21138,0.43976,0.38319,0.41573,0.68116,
0.54551,0.69103,1.0,1.0
4,2
0.02506,0.16096,0.45387,0.48700,0.52949,0.60584
4,1
0.06162,0.27532,0.50615,0.46680,1.0
2,R47
C14,C24
8,4,3,0
4,2,1,1,1,1,1,1
0.00162,0.01284,0.06309,0.21138,0.43976,0.38319,1.0,1.0,1.0,1.0,1.0,1.0
3,1,1,1
0.02506,0.16096,0.45387,1.0,1.0,1.0
3,1,1
0.08612,0.38475,0.70733,1.0,1.0
*25,61
8,4,2,0
1,R84,R84,1
C18
6,2,1,1,1,1,1,1
243694.0,35995.0,8223.56,2353.12,780.965,288.519,115.701,49.1175,
16.0885,6.70430,1.80517,0.703011,0.106385,0.039616
5,1,1,2
1500.39,358.800,116.699,44.6132,18.5985,8.13778,3.33734,1.37895,
0.538639
3,1
16.18,4.183,1.169,0.2662
0.00029,0.00225,0.01152,0.04559,0.14039,0.31472,0.40974,0.21079,1.0,1.0,
1.0,1.0,1.0,1.0
0.00258,0.02048,0.09293,0.26074,0.42889,1.0,1.0,0.56935,0.27354
0.079818030,0.31169907,0.50100380,1.0
*25,64
4,2,1,0
2,R18,R18,1
C4,C19
6,3,3,3
28270.0,4210.0,976.5,301.1,115.2,49.64,13.31,7.115,2.358,1.903,0.9421,
0.3595,0.09804,0.05079,0.01831
5,3
435.3,103.3,33.22,12.37,4.797,4.881,1.933,0.6406
5
27.73,7.612,2.540,0.8607,0.2829
0.0041970,0.0307591,0.1327658,0.3369145,0.4274878,0.2081060,0.4556010,
0.5183264,0.0585100,0.3408928,0.6068370,0.0893281,0.4149608,0.5311052,
0.0931139
0.0204374,0.1325751,0.3886672,0.4891038,0.1579899,0.1387058,0.5874719,
0.3921174
0.0415514,0.1977618,0.4156100,0.4544514,0.2228134
*25,66
8,4,2,0
0,R21,R21,4
6,2,1,1,1,1,1,1
243694.0,35995.0,8223.56,2353.12,780.965,288.519,115.701,49.1175,
16.0885,6.70430,1.80517,0.703011,0.106385,0.039616
5,1,1,2
1500.39,358.800,116.699,44.6132,18.5985,8.13778,3.33734,1.37895,
0.538639
3,2
37.8977,10.5201,3.53764,1.21217,0.387912
0.00029,0.00225,0.01152,0.04559,0.14039,0.31472,0.40974,0.21079,1.0,1.0,
1.0,1.0,1.0,1.0
0.00258,0.02048,0.09293,0.26074,0.42889,1.0,1.0,0.56935,0.27354
0.02409,0.13073,0.34648,0.47163,0.34784
0,R21
8,4,2,0
6,2,1,1,1,1,1,1
0.00029,0.00225,0.01152,0.04559,0.14039,0.31472,0.40974,0.21079,1.0,1.0,
1.0,1.0,1.0,1.0
4,2,1,2
0.00258,0.02048,0.09293,0.26074,0.42889,0.32598,1.0,0.56935,0.27354
3,2
0.02409,0.13073,0.34648,0.47163,0.34784
1,R21
C7
8,4,2,0
6,2,1,1,1,1,1,1
0.00029,0.00225,0.01152,0.04559,0.14039,0.31472,0.40974,0.21079,1.0,1.0,
1.0,1.0,1.0,1.0
3,3,1,2
0.00258,0.02048,0.09293,0.26074,0.42889,0.32598,1.0,0.56935,0.27354
3,2
0.02409,0.13073,0.34648,0.47163,0.34784
0,R56
6,3,2,0
6,2,2,2,1,1
0.000610,0.004767,0.024533,0.096345,0.299658,0.643359,0.679661,
0.349634,-0.482758,-0.551270,0.507798,0.531547,1.0,1.0
6,1,2
0.002664,0.021178,0.096056,0.269553,0.443491,0.337532,1.0,0.700340,
0.356456
3,2
0.054024,0.293234,0.778406,0.645102,0.475566
*25,66
8,4,2,0
1,R84,R84,1
C18
6,2,1,1,1,1,1,1
243694.0,35995.0,8223.56,2353.12,780.965,288.519,115.701,49.1175,
16.0885,6.70430,1.80517,0.703011,0.106385,0.039616
5,1,1,2
1500.39,358.800,116.699,44.6132,18.5985,8.13778,3.33734,1.37895,
0.538639
4,1
28.15,7.564,2.410,0.7282,0.1799
0.00029,0.00225,0.01152,0.04559,0.14039,0.31472,0.40974,0.21079,1.0,1.0,
1.0,1.0,1.0,1.0
0.00258,0.02048,0.09293,0.26074,0.42889,1.0,1.0,0.56935,0.27354
0.034286918,0.17099611,0.37982835,0.45833404,1.0
*25,71
8,4,2,0
2,R47,R47,3
C14,C24
6,2,1,1,1,1,1,1
243694.0,35995.0,8223.56,2353.12,780.965,288.519,115.701,49.1175,
16.0885,6.70430,1.80517,0.703011,0.106385,0.039616
5,1,1,2
1500.39,358.800,116.699,44.6132,18.5985,8.13778,3.33734,1.37895,
0.538639
5,1
37.8977,10.5201,3.53764,1.21217,0.387912,0.1054
0.00029,0.00225,0.01152,0.04559,0.14039,0.31472,0.40974,0.21079,1.0,1.0,
1.0,1.0,1.0,1.0
0.00258,0.02048,0.09293,0.26074,0.42889,1.0,1.0,0.56935,0.27354
0.02250,0.12216,0.32375,0.44069,0.41762,1.0
2,R47
C14,C25
8,4,2,0
6,2,1,1,1,1,1,1
0.00029,0.00225,0.01152,0.04559,0.14039,0.31472,0.40974,0.21079,1.0,1.0,
1.0,1.0,1.0,1.0
5,1,1,2
0.00258,0.02048,0.09293,0.26074,0.42889,1.0,1.0,0.56935,0.27354
5,1
0.02312,0.12552,0.33264,0.45280,0.39107,1.0
2,R47
C14,C24
8,4,3,0
6,2,1,1,1,1,1,1
0.00029,0.00225,0.01152,0.04559,0.14039,0.31472,0.40974,0.21079,1.0,1.0,
1.0,1.0,1.0,1.0
4,2,1,2
0.00258,0.02048,0.09293,0.26074,0.42889,0.31650,1.0,0.56935,0.27354
4,1,1
0.02998,0.16275,0.43133,0.58713,1.0,1.0
*25,71
8,4,3,0
1,R84,R84,1
C18
6,2,1,1,1,1,1,1
243694.0,35995.0,8223.56,2353.12,780.965,288.519,115.701,49.1175,
16.0885,6.70430,1.80517,0.703011,0.106385,0.039616
5,1,1,2
1500.39,358.800,116.699,44.6132,18.5985,8.13778,3.33734,1.37895,
0.538639
4,1,1
42.63,11.97,4.091,1.450,0.4700,0.1281
0.00029,0.00225,0.01152,0.04559,0.14039,0.31472,0.40974,0.21079,1.0,1.0,
1.0,1.0,1.0,1.0
0.00258,0.02048,0.09293,0.26074,0.42889,1.0,1.0,0.56935,0.27354
0.016715219,0.094015439,0.26077961,0.39367876,1.0,1.0
*25,73
4,3,2,0
3,R39,R39,1
C4,C19,C-18
6,3,3,3
28270.0,4210.0,976.5,301.1,115.2,49.64,13.31,7.115,2.358,1.903,0.9421,
0.3595,0.09804,0.05079,0.01831
5,3,3
435.3,103.3,33.22,12.37,4.797,4.881,1.933,0.6406,0.1569,0.08126,0.02930
4,1
27.73,7.612,2.540,0.8607,0.2829
0.0041970,0.0307591,0.1327658,0.3369145,0.4274878,0.2081060,0.4556010,
0.5182326,0.0585100,0.3408928,0.6068370,0.0893281,0.4149608,0.5311052,
0.0931139
0.0204374,0.1325751,0.3886672,0.4891038,0.1579899,0.1387058,0.5874719,
0.3921174,0.4149608,0.5311052,0.0931139
0.0465863,0.2217249,0.4659702,0.5095180,1.0
